338 354 0
354 679 0
375 338 0
370 335 0
370 334 0
379 352 0
379 364 0
379 353 0
379 355 0
374 363 0
397 341 0
388 337 0
388 360 0
388 350 0
388 392 0
386 354 0
386 343 0
386 337 0
386 375 0
386 338 0
373 356 0
392 388 0
406 372 1
406 371 1
406 387 1
437 369 1
437 372 1
437 367 1
437 335 1
437 378 1
437 887 1
437 371 1
418 362 1
436 334 1
412 395 1
416 351 1
433 375 1
420 377 1
420 378 1
420 335 1
404 398 1
409 343 1
409 334 1
409 378 1
409 370 1
427 346 1
431 388 1
431 392 1
411 368 1
424 334 1
424 400 1
424 343 1
424 417 1
424 378 1
429 384 1
429 380 1
429 393 1
429 382 1
438 394 1
426 368 1
423 370 1
401 367 1
401 370 1
402 428 1
441 337 1
441 365 1
441 387 1
417 368 1
417 335 1
417 424 1
422 430 1
430 360 1
430 419 1
430 394 1
430 399 1
410 392 1
403 388 1
419 430 1
419 394 1
432 338 1
432 397 1
432 357 1
527 353 1
527 352 1
527 355 1
527 364 1
513 424 1
513 335 1
513 425 1
513 370 1
513 378 1
521 430 1
521 394 1
520 430 1
520 412 1
540 436 1
536 423 1
536 367 1
536 370 1
536 424 1
536 437 1
536 401 1
536 378 1
510 372 1
546 368 1
518 419 1
518 438 1
532 344 1
543 376 1
535 424 1
535 435 1
535 334 1
517 441 1
538 420 1
538 419 1
511 423 1
511 424 1
522 428 1
539 386 1
525 441 1
547 430 1
529 433 1
530 397 1
530 432 1
514 409 1
514 378 1
514 423 1
534 414 1
534 430 1
534 394 1
519 407 1
524 430 1
531 340 1
531 393 1
550 357 1
550 391 1
523 353 1
523 389 1
533 418 1
533 335 1
475 524 2
475 343 2
475 386 2
475 422 2
475 430 2
475 540 2
475 539 2
488 382 2
470 500 2
470 548 2
470 500 2
490 517 2
477 375 2
478 433 2
498 530 2
498 493 2
498 424 2
489 441 2
489 371 2
489 507 2
509 441 2
483 437 2
483 335 2
483 368 2
483 423 2
483 334 2
483 511 2
483 515 2
483 370 2
483 436 2
485 409 2
485 378 2
485 436 2
485 424 2
485 535 2
472 352 2
472 353 2
472 364 2
494 370 2
480 433 2
480 399 2
480 335 2
493 498 2
493 530 2
493 397 2
493 432 2
482 537 2
482 483 2
497 435 2
469 549 2
469 405 2
469 368 2
501 519 2
473 386 2
473 430 2
473 343 2
473 420 2
505 528 2
505 349 2
471 430 2
502 426 2
502 373 2
479 335 2
479 400 2
479 418 2
507 441 2
507 525 2
507 519 2
507 357 2
481 335 2
481 513 2
481 515 2
481 514 2
481 511 2
486 353 2
486 383 2
486 345 2
499 516 2
474 420 2
474 417 2
474 394 2
474 428 2
495 370 2
500 510 2
467 438 2
491 537 2
491 437 2
491 423 2
491 369 2
491 517 2
491 370 2
491 511 2
579 537 2
579 483 2
579 482 2
585 439 2
601 492 2
576 389 2
607 393 2
607 413 2
589 436 2
589 437 2
589 481 2
589 536 2
589 535 2
589 511 2
589 424 2
589 537 2
602 526 2
591 544 2
554 538 2
572 510 2
598 575 2
569 357 2
569 440 2
570 510 2
570 517 2
570 441 2
593 420 2
571 501 2
571 500 2
578 514 2
578 507 2
578 537 2
578 437 2
578 423 2
578 491 2
578 378 2
610 531 2
558 346 2
583 364 2
583 603 2
583 389 2
583 352 2
583 353 2
583 355 2
557 957 2
557 438 2
557 518 2
557 507 2
588 513 2
588 368 2
553 490 2
553 593 2
553 357 2
553 519 2
553 507 2
553 441 2
575 598 2
567 375 2
567 433 2
603 393 2
603 526 2
584 514 2
584 389 2
584 401 2
577 482 2
577 483 2
577 537 2
564 493 2
564 432 2
590 526 2
587 424 2
587 497 2
587 378 2
587 536 2
563 581 2
563 534 2
566 373 2
573 408 2
573 348 2
608 393 2
568 347 2
568 513 2
609 534 2
586 391 2
586 545 2
586 350 2
561 474 2
561 473 2
561 345 2
561 418 2
561 534 2
561 521 2
581 475 2
581 524 2
581 394 2
581 430 2
582 352 2
582 364 2
582 472 2
594 497 2
594 535 2
605 474 2
565 501 2
555 542 2
634 515 3
634 514 3
634 482 3
634 436 3
634 584 3
634 437 3
634 483 3
634 577 3
634 537 3
642 530 3
642 375 3
652 414 3
652 644 3
652 584 3
652 485 3
619 602 3
619 599 3
626 507 3
646 584 3
670 500 3
677 586 3
669 370 3
662 529 3
662 565 3
614 600 3
614 611 3
632 538 3
632 473 3
632 420 3
632 581 3
637 602 3
637 574 3
640 584 3
640 551 3
645 553 3
644 414 3
644 562 3
644 652 3
644 485 3
644 514 3
644 584 3
651 588 3
651 368 3
651 417 3
653 588 3
655 517 3
655 557 3
655 566 3
655 511 3
655 537 3
655 375 3
655 567 3
655 558 3
655 551 3
639 352 3
639 527 3
639 571 3
639 472 3
639 582 3
639 364 3
647 556 3
647 359 3
647 648 3
623 393 3
660 478 3
666 507 3
630 509 3
629 501 3
650 385 3
650 468 3
664 368 3
611 531 3
611 393 3
643 562 3
657 373 3
657 566 3
657 502 3
628 553 3
628 537 3
628 517 3
631 604 3
638 542 3
638 364 3
638 555 3
663 478 3
613 603 3
613 604 3
613 393 3
612 345 3
635 535 3
635 518 3
635 537 3
635 438 3
635 578 3
627 419 3
627 518 3
627 557 3
627 438 3
641 501 3
654 563 3
654 534 3
648 359 3
648 556 3
671 579 3
668 439 3
636 483 3
665 361 3
665 562 3
672 591 3
672 594 3
675 584 3
659 373 3
620 610 3
692 614 3
692 599 3
692 612 3
728 653 3
728 368 3
727 566 3
727 657 3
679 604 3
679 606 3
679 602 3
679 637 3
748 552 3
690 614 3
690 393 3
690 602 3
690 600 3
690 610 3
707 606 3
707 364 3
707 602 3
707 526 3
707 607 3
706 343 3
706 384 3
706 530 3
706 383 3
706 352 3
706 364 3
706 514 3
687 364 3
687 602 3
687 654 3
687 603 3
687 472 3
687 382 3
687 637 3
713 564 3
757 424 3
757 498 3
757 409 3
757 437 3
757 485 3
757 378 3
757 528 3
757 505 3
757 511 3
686 603 3
686 611 3
718 423 3
718 511 3
738 663 3
738 660 3
738 565 3
738 657 3
738 517 3
738 566 3
738 627 3
734 661 3
678 606 3
678 604 3
696 654 3
696 534 3
720 375 3
747 582 3
693 499 3
708 663 3
719 375 3
719 551 3
756 648 3
756 415 3
756 545 3
756 538 3
731 483 3
758 540 3
684 615 3
716 628 3
716 537 3
716 499 3
716 553 3
716 517 3
751 664 3
700 535 3
700 635 3
700 424 3
700 435 3
701 624 3
701 662 3
701 661 3
701 573 3
701 565 3
681 534 3
735 633 3
698 409 3
729 577 3
729 483 3
729 515 3
729 636 3
729 537 3
729 482 3
743 537 3
743 636 3
743 483 3
743 634 3
743 482 3
749 466 3
697 378 3
697 361 3
697 420 3
697 562 3
705 571 3
705 582 3
705 472 3
705 639 3
705 527 3
705 353 3
680 638 3
680 632 3
680 605 3
680 555 3
680 523 3
683 611 3
737 662 3
737 660 3
721 481 3
721 335 3
721 524 3
741 669 3
741 495 3
741 370 3
710 500 3
710 570 3
710 670 3
710 572 3
694 645 3
694 507 3
745 571 3
745 639 3
754 634 3
754 483 3
754 515 3
754 671 3
754 632 3
715 346 3
688 603 3
688 603 3
755 632 3
755 717 3
730 577 3
730 513 3
730 636 3
703 624 3
732 510 3
702 392 3
724 336 3
717 585 3
717 529 3
717 660 3
726 556 3
682 393 3
723 581 3
712 659 3
712 563 3
712 780 3
712 649 3
722 345 3
722 521 3
722 611 3
689 602 3
689 603 3
689 582 3
689 537 3
714 507 3
714 593 3
714 626 3
691 364 3
691 472 3
695 627 3
695 518 3
695 357 3
711 416 3
711 563 3
711 383 3
711 430 3
774 622 4
774 602 4
807 740 4
807 739 4
807 717 4
818 730 4
818 743 4
818 577 4
772 638 4
772 652 4
772 555 4
806 739 4
827 615 4
840 721 4
840 499 4
840 490 4
840 593 4
840 796 4
823 581 4
823 752 4
823 486 4
823 612 4
830 632 4
835 336 4
835 676 4
824 742 4
824 651 4
824 825 4
831 702 4
762 604 4
762 690 4
762 393 4
762 631 4
834 664 4
783 625 4
810 757 4
810 632 4
810 514 4
810 370 4
810 409 4
810 584 4
810 498 4
810 378 4
810 494 4
810 698 4
810 434 4
810 671 4
810 485 4
768 750 4
832 481 4
832 721 4
789 503 4
789 660 4
789 658 4
797 582 4
797 603 4
797 382 4
797 353 4
797 364 4
797 531 4
797 583 4
797 472 4
797 605 4
797 352 4
812 717 4
812 710 4
812 709 4
765 684 4
765 678 4
765 615 4
814 713 4
764 685 4
764 421 4
801 731 4
780 414 4
780 563 4
780 375 4
780 593 4
780 370 4
780 712 4
780 502 4
780 556 4
786 375 4
786 495 4
786 497 4
786 496 4
826 596 4
826 741 4
826 495 4
826 669 4
829 746 4
787 699 4
787 698 4
803 628 4
803 655 4
803 553 4
803 716 4
803 537 4
803 517 4
817 336 4
769 606 4
769 632 4
769 679 4
769 603 4
769 620 4
795 721 4
795 727 4
795 657 4
836 584 4
808 585 4
808 717 4
808 739 4
808 737 4
779 704 4
779 701 4
792 669 4
792 743 4
792 577 4
792 370 4
792 741 4
792 495 4
792 640 4
792 698 4
792 537 4
792 699 4
822 738 4
822 733 4
822 717 4
785 651 4
785 657 4
785 495 4
785 582 4
785 382 4
785 472 4
809 662 4
809 660 4
809 737 4
767 638 4
767 614 4
767 602 4
767 691 4
767 690 4
767 393 4
767 561 4
767 680 4
770 382 4
770 711 4
770 416 4
796 566 4
796 657 4
796 673 4
796 840 4
796 478 4
796 659 4
796 663 4
796 477 4
796 373 4
796 502 4
793 497 4
793 370 4
793 334 4
793 577 4
773 680 4
773 679 4
773 602 4
773 647 4
773 622 4
825 741 4
825 651 4
825 652 4
825 742 4
802 417 4
802 394 4
802 728 4
802 632 4
802 586 4
802 422 4
802 474 4
775 687 4
775 691 4
775 602 4
775 622 4
775 680 4
790 416 4
819 498 4
819 713 4
763 617 4
813 629 4
813 649 4
839 705 4
839 707 4
839 364 4
771 352 4
794 659 4
794 727 4
794 657 4
794 795 4
794 373 4
794 566 4
778 704 4
778 624 4
778 662 4
778 701 4
778 739 4
798 710 4
798 602 4
798 639 4
798 709 4
798 571 4
798 501 4
798 500 4
798 421 4
804 518 4
804 438 4
804 627 4
811 482 4
811 729 4
811 751 4
811 368 4
811 743 4
811 537 4
800 735 4
781 529 4
791 482 4
791 579 4
788 654 4
788 532 4
820 736 4
820 581 4
776 701 4
776 560 4
776 559 4
766 364 4
766 472 4
766 583 4
784 640 4
784 569 4
784 551 4
784 719 4
883 819 5
883 713 5
851 16 5
851 688 5
904 901 5
904 746 5
904 840 5
904 517 5
870 662 5
870 778 5
887 370 5
887 780 5
887 792 5
900 840 5
900 721 5
900 629 5
900 794 5
900 569 5
905 674 5
903 829 5
903 828 5
856 774 5
856 622 5
856 775 5
856 766 5
907 742 5
891 809 5
891 822 5
882 537 5
882 511 5
882 584 5
882 483 5
882 484 5
882 357 5
882 730 5
882 729 5
882 731 5
895 790 5
847 364 5
847 617 5
847 582 5
847 472 5
847 861 5
847 639 5
847 393 5
847 762 5
911 832 5
911 721 5
911 795 5
864 734 5
864 820 5
899 840 5
899 805 5
899 628 5
899 693 5
899 803 5
899 537 5
899 507 5
861 472 5
861 847 5
861 639 5
861 583 5
861 352 5
861 364 5
861 763 5
861 582 5
897 370 5
876 811 5
876 368 5
878 695 5
890 834 5
890 633 5
890 778 5
892 779 5
892 717 5
854 771 5
854 798 5
854 775 5
854 602 5
854 689 5
894 535 5
894 577 5
894 482 5
894 743 5
894 636 5
894 730 5
850 680 5
855 797 5
855 531 5
846 684 5
846 765 5
914 581 5
916 649 5
849 393 5
853 691 5
860 577 5
860 495 5
860 378 5
877 343 5
877 409 5
877 634 5
877 790 5
863 806 5
863 781 5
863 808 5
863 739 5
909 582 5
909 839 5
909 691 5
909 766 5
909 639 5
881 727 5
881 721 5
881 795 5
881 793 5
881 741 5
912 837 5
917 815 5
917 537 5
874 584 5
874 646 5
906 514 5
906 741 5
906 495 5
906 669 5
918 466 5
918 358 5
918 547 5
918 647 5
918 578 5
862 822 5
862 708 5
867 693 5
867 335 5
872 724 5
872 657 5
872 566 5
872 375 5
872 796 5
872 663 5
893 758 5
893 782 5
901 489 5
901 346 5
901 904 5
901 441 5
901 840 5
886 786 5
886 669 5
886 792 5
886 556 5
886 495 5
886 726 5
886 793 5
886 640 5
842 606 5
842 604 5
842 602 5
842 767 5
842 531 5
842 607 5
908 656 5
908 758 5
885 482 5
885 483 5
885 335 5
885 818 5
915 797 5
915 603 5
915 382 5
884 514 5
884 378 5
884 409 5
884 584 5
884 790 5
884 877 5
871 661 5
871 808 5
871 734 5
871 779 5
871 565 5
865 581 5
865 649 5
888 709 5
913 531 5
902 829 5
902 746 5
873 833 5
873 657 5
873 795 5
873 794 5
873 727 5
873 721 5
873 666 5
873 659 5
873 838 5
873 805 5
873 593 5
873 744 5
848 604 5
848 762 5
848 393 5
910 684 5
251 661 5
858 709 5
858 812 5
889 821 5
889 701 5
845 611 5
845 393 5
896 636 5
896 731 5
896 730 5
896 483 5
896 825 5
896 818 5
896 652 5
859 430 5
859 721 5
859 651 5
859 481 5
859 524 5
859 335 5
859 730 5
859 581 5
868 787 5
868 825 5
852 797 5
852 600 5
970 734 5
970 892 5
970 251 5
934 764 5
979 894 5
957 647 5
996 430 5
996 884 5
996 603 5
996 382 5
996 611 5
956 648 5
956 790 5
956 556 5
956 957 5
956 813 5
956 895 5
956 916 5
956 357 5
919 611 5
937 746 5
937 829 5
937 840 5
937 902 5
937 904 5
971 661 5
971 725 5
974 860 5
974 577 5
974 483 5
974 858 5
974 584 5
974 882 5
974 634 5
974 894 5
982 704 5
982 863 5
982 900 5
982 873 5
982 822 5
982 662 5
982 778 5
982 717 5
975 858 5
975 812 5
975 370 5
975 897 5
975 699 5
998 634 5
987 667 5
966 720 5
966 504 5
997 752 5
997 771 5
997 364 5
997 707 5
976 375 5
976 720 5
976 708 5
958 805 5
958 878 5
958 649 5
954 662 5
954 778 5
942 487 5
942 648 5
942 646 5
924 849 5
924 429 5
924 764 5
924 393 5
949 792 5
949 826 5
949 645 5
927 684 5
927 846 5
936 805 5
969 411 5
977 782 5
984 901 5
995 897 5
995 860 5
972 871 5
972 565 5
921 364 5
921 679 5
921 631 5
921 747 5
921 602 5
921 606 5
921 762 5
921 393 5
940 679 5
940 606 5
940 769 5
988 368 5
986 411 5
950 645 5
994 836 5
994 551 5
994 470 5
994 548 5
994 640 5
955 649 5
983 874 5
983 653 5
983 584 5
968 339 5
960 816 5
960 781 5
960 863 5
960 779 5
960 832 5
960 565 5
960 890 5
960 776 5
931 602 5
931 687 5
931 775 5
993 581 5
993 824 5
952 577 5
952 818 5
953 334 5
953 787 5
953 370 5
953 482 5
953 335 5
953 579 5
953 731 5
953 791 5
953 896 5
926 686 5
926 722 5
926 690 5
926 345 5
929 690 5
929 606 5
978 500 5
978 709 5
978 976 5
925 680 5
925 690 5
925 767 5
999 912 5
999 837 5
963 663 5
963 738 5
963 740 5
963 796 5
963 502 5
963 708 5
938 904 5
947 880 5
920 603 5
965 963 5
1001 907 5
1001 334 5
1001 581 5
1001 887 5
959 899 5
959 537 5
959 866 5
948 875 5
945 862 5
1000 632 5
967 909 5
967 595 5
967 839 5
967 545 5
967 521 5
967 586 5
923 848 5
923 370 5
923 847 5
923 335 5
962 407 5
962 800 5
962 890 5
964 432 5
964 809 5
964 530 5
964 718 5
964 873 5
964 642 5
964 719 5
964 397 5
964 375 5
964 794 5
943 809 5
943 738 5
943 822 5
943 806 5
951 860 5
951 882 5
951 537 5
951 424 5
951 743 5
951 858 5
951 535 5
951 535 5
951 730 5
951 700 5
951 482 5
922 764 5
922 563 5
922 531 5
941 865 5
941 581 5
928 602 5
928 413 5
939 938 5
981 740 5
981 556 5
981 648 5
989 902 5
989 829 5
989 901 5
973 860 5
973 787 5
973 897 5
973 793 5
973 858 5
973 887 5
973 370 5
973 699 5
973 780 5
944 738 5
930 771 5
930 775 5
930 798 5
930 602 5
930 854 5
930 689 5
961 781 5
935 713 5
992 347 5
992 668 5
946 511 5
946 490 5
946 878 5
946 478 5
946 951 5
946 476 5
946 695 5
946 872 5
946 663 5
946 566 5
946 796 5
946 657 5
946 840 5
1061 701 6
1068 748 6
1052 900 6
1052 491 6
1052 569 6
1052 508 6
1052 873 6
1053 715 6
1053 840 6
1053 721 6
1053 357 6
1053 517 6
1053 901 6
1042 563 6
1063 734 6
1063 820 6
1063 864 6
1049 746 6
1049 939 6
1064 701 6
1064 727 6
1064 776 6
1064 703 6
1064 565 6
1064 702 6
1064 960 6
1064 832 6
1064 661 6
1064 778 6
1051 563 6
1051 898 6
1051 879 6
1051 649 6
1051 712 6
1032 720 6
1032 642 6
1032 375 6
1032 708 6
1032 718 6
1032 719 6
1079 684 6
1079 615 6
1079 507 6
1071 987 6
1048 813 6
1048 712 6
1048 649 6
1020 770 6
1067 716 6
1067 507 6
1067 901 6
1067 803 6
1067 899 6
1067 805 6
1067 693 6
1004 602 6
1043 627 6
1035 1036 6
1035 900 6
1035 573 6
1035 727 6
1035 795 6
1035 721 6
1035 808 6
1035 1235 6
1035 778 6
1036 1035 6
1036 778 6
1036 808 6
1074 992 6
1055 979 6
1055 980 6
1013 775 6
1013 798 6
1013 526 6
1045 626 6
1045 866 6
1057 500 6
1057 978 6
1057 975 6
1057 965 6
1030 740 6
1030 977 6
1015 603 6
1022 758 6
1022 820 6
1041 875 6
1041 880 6
1041 947 6
1041 948 6
1041 971 6
1003 687 6
1003 932 6
1003 607 6
1003 602 6
1003 606 6
1023 557 6
1023 716 6
1023 803 6
1023 628 6
1023 899 6
1040 948 6
1040 880 6
1040 875 6
1040 971 6
1066 863 6
1066 954 6
1002 382 6
1002 931 6
1002 601 6
1028 602 6
1028 849 6
1028 535 6
1029 725 6
1033 979 6
1056 965 6
1007 606 6
1007 604 6
1034 792 6
1034 806 6
1034 863 6
1046 946 6
1084 824 6
1054 984 6
1054 805 6
1054 956 6
1054 987 6
1054 182 6
1054 507 6
1054 872 6
1054 958 6
1031 499 6
1026 952 6
1026 481 6
1026 589 6
1026 952 6
1073 884 6
1073 988 6
1073 828 6
1073 877 6
1069 537 6
1069 712 6
1005 684 6
1005 429 6
1005 393 6
1005 678 6
1005 682 6
1005 615 6
1005 765 6
1039 975 6
1039 812 6
1039 370 6
1039 897 6
1027 577 6
1027 482 6
1027 884 6
1027 730 6
1027 894 6
1027 743 6
1070 684 6
1070 904 6
1065 871 6
1065 869 6
1065 701 6
1065 653 6
1065 982 6
1065 779 6
1065 565 6
1019 761 6
1019 678 6
1019 760 6
1019 922 6
1019 923 6
1019 610 6
1019 620 6
1019 933 6
1012 959 6
1012 921 6
1010 678 6
1010 607 6
1010 393 6
1038 535 6
1038 424 6
1038 588 6
1038 886 6
1038 741 6
1083 512 6
1047 563 6
1047 712 6
1047 649 6
1075 554 6
1008 922 6
1062 714 6
1006 678 6
1014 583 6
1014 531 6
1014 855 6
1014 382 6
1014 353 6
1014 364 6
1014 605 6
1014 352 6
1059 864 6
1081 537 6
1081 790 6
1081 877 6
1025 778 6
1024 740 6
1024 660 6
1024 808 6
1024 779 6
1024 717 6
1024 806 6
1024 1025 6
1024 739 6
1024 704 6
1058 949 6
1058 645 6
1050 537 6
1050 592 6
1050 959 6
1037 370 6
1037 895 6
1072 908 6
1044 627 6
1016 764 6
1016 429 6
1009 429 6
1009 393 6
1078 784 6
1011 604 6
1011 849 6
1136 990 6
1132 1031 6
1132 1053 6
1132 879 6
1132 803 6
1132 959 6
1132 901 6
1132 899 6
1132 499 6
1132 553 6
1116 871 6
1116 701 6
1116 982 6
1116 779 6
1116 565 6
1160 691 6
1160 603 6
1160 523 6
1160 765 6
1153 810 6
1153 895 6
1153 514 6
1153 378 6
1153 409 6
1153 790 6
1124 251 6
1124 970 6
1124 892 6
1100 601 6
1100 542 6
1155 701 6
1155 1064 6
1155 778 6
1155 776 6
1181 907 6
1159 998 6
1159 132 6
1169 759 6
1118 882 6
1118 1051 6
1118 876 6
1101 1003 6
1101 393 6
1101 1006 6
1101 601 6
1101 633 6
1134 701 6
1134 1024 6
1134 1025 6
1088 612 6
1089 797 6
1089 799 6
1157 563 6
1097 762 6
1097 393 6
1178 1083 6
1162 375 6
1105 1006 6
1173 537 6
1154 877 6
1154 409 6
1154 884 6
1154 790 6
1154 368 6
1127 1036 6
1127 886 6
1127 1035 6
1127 1022 6
1127 980 6
1156 816 6
1156 776 6
1156 703 6
1156 701 6
1156 778 6
1128 363 6
1128 712 6
1128 780 6
1128 916 6
1128 375 6
1128 963 6
1128 965 6
1180 1060 6
1172 908 6
1172 1072 6
1094 765 6
1094 1012 6
1137 409 6
1137 810 6
1143 563 6
1143 416 6
1143 1042 6
1120 357 6
1138 701 6
1138 624 6
1138 776 6
1138 1064 6
1138 662 6
1138 778 6
1117 803 6
1117 899 6
1117 959 6
1117 1120 6
1126 1022 6
1126 1025 6
1126 1024 6
1126 740 6
1098 1009 6
1098 1016 6
1098 849 6
1098 393 6
1090 487 6
1090 942 6
1090 847 6
1111 1082 6
1111 1068 6
1135 537 6
1161 693 6
1161 965 6
1113 1062 6
1113 898 6
1113 879 6
1113 510 6
1113 1051 6
1087 603 6
1087 686 6
1163 663 6
1163 965 6
1165 634 6
1165 896 6
1165 743 6
1165 882 6
1107 1002 6
1142 981 6
1139 863 6
1139 981 6
1133 726 6
1133 1025 6
1133 956 6
1133 1023 6
1133 1054 6
1133 957 6
1102 617 6
1102 996 6
1102 472 6
1102 582 6
1102 364 6
1123 822 6
1123 717 6
1123 862 6
1123 943 6
1123 809 6
1123 891 6
1099 816 6
1099 1005 6
1152 409 6
1152 895 6
1152 790 6
1152 577 6
1167 334 6
1179 993 6
1179 581 6
1179 941 6
1179 1001 6
1121 1035 6
1121 1036 6
1121 778 6
1121 808 6
1130 712 6
1092 1017 6
1115 1035 6
1115 755 6
1115 721 6
1115 1036 6
1148 875 6
1148 1040 6
1148 948 6
1164 944 6
1164 1064 6
1164 872 6
1164 1035 6
1164 708 6
1164 965 6
1164 796 6
1164 701 6
1164 1056 6
1164 963 6
1119 1051 6
1119 1047 6
1119 712 6
1095 637 6
1095 531 6
1166 1054 6
1166 1082 6
1166 1062 6
1166 490 6
1103 919 6
1103 680 6
1103 611 6
1096 1016 6
1096 1011 6
1096 678 6
1096 847 6
1096 604 6
1096 1009 6
1096 393 6
1096 924 6
1096 849 6
1096 1010 6
1096 861 6
1096 1007 6
1096 764 6
1174 495 6
1174 1026 6
1176 560 6
1176 708 6
1176 1001 6
1106 637 6
1144 886 6
1144 826 6
1144 792 6
1144 537 6
1141 699 6
1141 709 6
1151 701 6
1151 1035 6
1151 779 6
1151 1036 6
1151 662 6
1151 778 6
1114 724 6
1114 872 6
1114 796 6
1147 558 6
1086 919 6
1125 644 6
1125 942 6
1125 1025 6
1125 562 6
1146 1170 6
1146 767 6
1146 865 6
1146 581 6
1146 521 6
1146 418 6
1146 561 6
1146 474 6
1177 1173 6
1108 1019 6
1158 1074 6
1168 822 6
1168 717 6
1168 943 6
1168 809 6
1112 375 6
1112 468 6
1145 867 6
1145 672 6
1145 825 6
1175 885 6
1175 1026 6
1175 951 6
1175 676 6
1149 251 6
1149 970 6
1149 892 6
1093 631 6
1238 636 7
1238 511 7
1238 537 7
1238 424 7
1238 634 7
1238 743 7
1214 964 7
1214 719 7
1214 642 7
1214 657 7
1214 566 7
1214 373 7
1214 720 7
1214 1085 7
1215 375 7
1198 851 7
1257 840 7
1257 738 7
1257 625 7
1257 499 7
1257 1061 7
1257 1032 7
1202 582 7
1202 1102 7
1202 925 7
1202 472 7
1202 617 7
1201 1102 7
1219 1022 7
1232 975 7
1232 699 7
1186 684 7
1186 615 7
1244 879 7
1244 715 7
1244 517 7
1244 1120 7
1218 1050 7
1218 1049 7
1213 1111 7
1213 1082 7
1213 1068 7
1266 1035 7
1266 1036 7
1266 661 7
1266 778 7
1266 1063 7
1266 1121 7
1247 1122 7
1247 1118 7
1247 917 7
1251 1113 7
1251 1139 7
1251 840 7
1251 1051 7
1251 796 7
1251 1047 7
1251 959 7
1269 879 7
1269 946 7
1269 1053 7
1193 352 7
1193 364 7
1193 766 7
1193 472 7
1193 919 7
1193 583 7
1193 1096 7
1236 973 7
1236 868 7
1236 780 7
1236 787 7
1236 897 7
1236 424 7
1236 535 7
1236 1038 7
1236 975 7
1236 1039 7
1182 1208 7
1234 964 7
1234 784 7
1234 642 7
1234 1130 7
1234 640 7
1234 963 7
1234 551 7
1234 719 7
1254 1140 7
1267 832 7
1267 863 7
1267 806 7
1267 911 7
1267 1116 7
1184 393 7
1184 766 7
1255 418 7
1255 745 7
1221 1026 7
1221 896 7
1230 989 7
1242 1135 7
1242 539 7
1249 1036 7
1249 822 7
1249 858 7
1249 663 7
1249 1127 7
1226 701 7
1226 1138 7
1226 734 7
1226 778 7
1226 960 7
1226 1155 7
1226 624 7
1226 776 7
1226 892 7
1226 662 7
1227 1151 7
1227 965 7
1227 701 7
1227 1064 7
1227 662 7
1227 778 7
1261 1126 7
1261 1031 7
1261 1132 7
1261 1025 7
1261 1024 7
1261 1113 7
1185 614 7
1185 1101 7
1185 561 7
1185 767 7
1185 1086 7
1185 919 7
1185 430 7
1272 1170 7
1206 1100 7
1206 1016 7
1195 1104 7
1195 1004 7
1195 1106 7
1262 716 7
1262 1173 7
1262 899 7
1262 1023 7
1262 1022 7
1262 1127 7
1199 682 7
1205 1101 7
1205 429 7
1208 1086 7
1208 1182 7
1208 393 7
1265 1139 7
1265 781 7
1260 1051 7
1260 530 7
1260 432 7
1211 1111 7
1270 813 7
1270 1051 7
1270 916 7
1270 712 7
1270 649 7
1194 352 7
1194 364 7
1194 766 7
1194 472 7
1237 882 7
1237 729 7
1197 775 7
1246 805 7
1246 1244 7
1246 1133 7
1246 956 7
1224 1026 7
1224 483 7
1224 577 7
1277 900 7
1277 795 7
1277 721 7
1277 727 7
1277 481 7
1277 873 7
1277 881 7
1277 794 7
1277 430 7
1277 474 7
1277 394 7
1277 581 7
1250 946 7
1204 393 7
1204 364 7
1204 1003 7
1204 1011 7
1240 950 7
1273 919 7
1273 1171 7
1274 514 7
1274 584 7
1276 881 7
1276 964 7
1276 1174 7
1276 708 7
1217 1122 7
1217 1269 7
1217 1229 7
1263 1025 7
1263 863 7
1263 806 7
1263 943 7
1263 1024 7
1263 962 7
1228 1116 7
1228 1065 7
1228 1151 7
1259 1145 7
1190 1095 7
1190 1104 7
1190 637 7
1190 1106 7
1207 1100 7
1212 1021 7
1241 1073 7
1241 949 7
1241 645 7
1235 566 7
1235 795 7
1235 727 7
1235 657 7
1235 1233 7
1235 721 7
1235 794 7
1248 441 7
1248 1051 7
1248 1244 7
1248 898 7
1248 1132 7
1196 364 7
1253 1117 7
1253 1120 7
1220 1050 7
1220 663 7
1239 1152 7
1239 1154 7
1239 743 7
1239 877 7
1203 768 7
1268 712 7
1268 649 7
1188 1011 7
1188 1105 7
1188 913 7
1233 795 7
1233 727 7
1233 657 7
1233 373 7
1233 566 7
1222 895 7
1222 729 7
1222 654 7
1222 1143 7
1222 636 7
1222 790 7
1222 788 7
1216 1130 7
1216 963 7
1216 964 7
1229 1217 7
1264 1113 7
1264 1023 7
1264 1133 7
1271 957 7
1271 1122 7
1271 556 7
1271 956 7
1271 499 7
1271 1133 7
1187 924 7
1187 678 7
1187 615 7
1187 1006 7
1187 1096 7
1279 1154 7
1279 634 7
1192 637 7
1192 705 7
1192 1106 7
1192 602 7
1192 844 7
1245 900 7
1245 1113 7
1245 1052 7
1245 1127 7
1245 1120 7
1245 1051 7
1278 860 7
1278 898 7
1231 863 7
1231 806 7
1231 1051 7
1231 712 7
1225 808 7
1225 963 7
1223 1159 7
1223 577 7
1223 1237 7
1223 952 7
1223 886 7
1223 1026 7
1223 556 7
1191 1190 7
1191 637 7
28 1051 7
28 666 7
28 992 7
64 1032 7
64 1130 7
13 554 7
13 1110 7
47 499 7
32 987 7
32 1114 7
32 1113 7
32 881 7
32 1120 7
32 898 7
32 721 7
58 1122 7
58 1218 7
58 17 7
58 1137 7
58 625 7
58 1162 7
58 1256 7
58 1219 7
42 1051 7
42 958 7
42 357 7
42 877 7
43 516 7
43 1031 7
43 693 7
43 499 7
43 1032 7
41 517 7
41 904 7
41 346 7
41 840 7
41 1131 7
40 1253 7
40 1252 7
40 1254 7
40 1140 7
49 1082 7
24 1240 7
3 1064 7
3 701 7
3 1138 7
3 778 7
3 776 7
3 960 7
3 573 7
3 1226 7
36 799 7
36 393 7
36 1089 7
14 1242 7
14 1120 7
14 1135 7
14 537 7
73 1236 7
73 1141 7
73 370 7
73 741 7
68 963 7
68 822 7
68 943 7
68 708 7
67 1219 7
33 840 7
33 795 7
33 727 7
33 566 7
33 659 7
33 1164 7
33 373 7
33 796 7
33 502 7
65 989 7
65 962 7
65 937 7
34 1235 7
34 795 7
34 721 7
34 1277 7
34 481 7
34 833 7
34 581 7
53 810 7
53 884 7
53 514 7
53 1153 7
53 494 7
53 1137 7
53 1154 7
53 1239 7
54 964 7
54 336 7
54 1214 7
54 1244 7
54 1246 7
50 1143 7
50 1222 7
50 1221 7
50 711 7
16 478 7
16 1036 7
16 1216 7
16 1220 7
16 1164 7
16 663 7
16 963 7
59 917 7
59 1221 7
59 1259 7
59 1217 7
31 678 7
31 1104 7
70 1068 7
70 1111 7
70 1082 7
69 541 7
69 814 7
57 1116 7
57 1226 7
57 1036 7
57 1151 7
57 778 7
57 1065 7
57 1228 7
57 1035 7
8 860 7
8 577 7
56 946 7
56 1250 7
56 1046 7
56 1244 7
35 1150 7
35 1111 7
35 1070 7
15 860 7
15 577 7
15 584 7
15 951 7
15 636 7
15 424 7
15 435 7
15 92 7
15 634 7
15 1217 7
15 894 7
15 895 7
15 378 7
15 729 7
25 537 7
25 716 7
25 1261 7
25 803 7
25 628 7
25 899 7
25 558 7
25 1023 7
25 959 7
66 897 7
66 973 7
66 514 7
66 370 7
66 634 7
66 975 7
66 1039 7
66 1236 7
61 1051 7
61 511 7
61 951 7
61 378 7
61 1224 7
61 424 7
61 634 7
61 964 7
61 899 7
61 1236 7
61 1237 7
61 535 7
61 1238 7
61 882 7
19 884 7
19 877 7
19 1154 7
18 373 7
18 1022 7
18 657 7
18 566 7
63 581 7
63 859 7
63 1051 7
63 1217 7
9 663 7
9 708 7
9 719 7
72 868 7
30 1264 7
30 616 7
30 647 7
30 956 7
30 1051 7
30 958 7
30 957 7
2 1221 7
2 784 7
2 1244 7
2 917 7
2 792 7
39 1095 7
39 1191 7
39 1004 7
39 1104 7
39 1106 7
39 637 7
39 602 7
39 1190 7
46 898 7
46 587 7
46 1123 7
46 943 7
46 945 7
46 943 7
46 1023 7
46 537 7
46 438 7
46 803 7
46 899 7
37 1181 7
71 810 7
71 884 7
71 514 7
71 1239 7
71 1153 7
71 494 7
71 895 7
71 790 7
71 877 7
26 678 7
26 602 7
26 940 7
26 1189 7
0 1208 7
55 601 7
38 907 7
38 885 7
38 953 7
38 1223 7
38 1237 7
38 1221 7
38 1224 7
20 860 7
20 1232 7
20 1237 7
20 1223 7
20 858 7
17 1161 7
17 375 7
21 994 7
21 1243 7
21 836 7
1757 1195 10
1751 16 10
1751 364 10
1751 332 10
1751 284 10
74 88 10
74 44 10
74 26 10
74 132 10
74 113 10
1765 931 10
1765 1290 10
79 654 10
79 563 10
79 78 10
1761 443 10
1758 1293 10
1758 1739 10
1758 1707 10
1758 103 10
1758 1720 10
1758 1742 10
1758 1 10
1758 1716 10
1758 252 10
1758 1715 10
81 113 10
81 1275 10
81 128 10
81 1051 10
81 1244 10
81 326 10
80 255 10
80 644 10
80 942 10
80 1090 10
80 38 10
80 263 10
84 878 10
84 114 10
77 1722 10
77 1293 10
77 83 10
77 126 10
77 785 10
77 252 10
77 75 10
77 418 10
77 38 10
77 1281 10
77 767 10
77 6 10
77 91 10
77 690 10
77 1306 10
77 345 10
1773 523 10
76 881 10
76 104 10
76 688 10
76 137 10
76 7 10
76 1101 10
76 271 10
76 144 10
76 136 10
76 42 10
76 925 10
76 1734 10
1749 1733 10
1749 1713 10
82 113 10
1769 1720 10
1769 26 10
1769 44 10
1769 305 10
1767 919 10
1767 1723 10
1767 1720 10
1750 259 10
1750 1295 10
1750 465 10
1750 45 10
1750 582 10
1750 1102 10
1750 861 10
1750 136 10
1759 1739 10
1759 1720 10
1759 1725 10
1759 455 10
1759 1742 10
78 325 10
78 107 10
78 1315 10
78 1270 10
78 1316 10
78 1317 10
78 1311 10
78 1239 10
78 19 10
75 121 10
1771 1360 10
1771 1361 10
1771 1720 10
1753 691 10
1770 159 10
1770 101 10
1770 1189 10
1770 113 10
1756 1299 10
1756 766 10
1756 1195 10
1756 472 10
1756 446 10
1768 1739 10
1768 1737 10
1768 443 10
1768 1720 10
1768 1735 10
1752 444 10
1754 915 10
83 158 10
83 444 10
1775 931 10
1775 687 10
1775 272 10
1775 1002 10
1775 312 10
1775 300 10
1775 1740 10
1775 1205 10
1762 138 10
1762 300 10
1762 1736 10
1762 1718 10
1762 1720 10
1772 1361 10
1772 45 10
1772 55 10
1772 104 10
1772 136 10
1772 1295 10
1755 1745 10
1755 1714 10
1764 1728 10
1764 1714 10
1764 1740 10
1764 1713 10
1764 364 10
1764 1729 10
1764 1745 10
1766 602 10
1766 312 10
1766 141 10
1766 138 10
1766 1720 10
1766 132 10
119 93 12
119 195 12
119 319 12
119 1299 12
119 691 12
119 1777 12
119 1836 12
119 75 12
119 1756 12
89 118 12
89 106 12
89 155 12
89 1182 12
89 1367 12
89 250 12
89 1324 12
89 1366 12
89 1049 12
98 217 12
98 157 12
98 1707 12
98 108 12
98 454 12
98 120 12
98 179 12
98 919 12
98 300 12
98 77 12
98 1743 12
98 1742 12
98 1707 12
98 94 12
98 1755 12
98 149 12
98 1774 12
98 175 12
98 105 12
98 141 12
196 103 12
196 1203 12
196 125 12
196 43 12
130 300 12
179 307 12
179 333 12
179 1845 12
179 156 12
179 865 12
179 867 12
179 213 12
179 1145 12
136 150 12
136 153 12
133 103 12
133 1805 12
133 179 12
133 120 12
133 449 12
133 1293 12
133 171 12
133 217 12
133 132 12
133 919 12
100 143 12
100 1319 12
100 300 12
100 1293 12
100 216 12
100 252 12
100 170 12
100 144 12
100 128 12
100 1186 12
100 767 12
100 345 12
164 1307 12
164 1787 12
164 10 12
164 192 12
164 179 12
164 159 12
164 1839 12
164 841 12
164 262 12
164 1105 12
104 1125 12
104 1385 12
104 652 12
104 174 12
104 147 12
120 1766 12
120 215 12
120 179 12
120 88 12
120 149 12
120 920 12
123 1833 12
123 1832 12
123 238 12
123 1299 12
123 48 12
123 221 12
123 1777 12
123 1836 12
123 186 12
123 766 12
123 1812 12
123 119 12
166 83 12
166 179 12
166 1791 12
145 127 12
145 1086 12
145 157 12
145 1734 12
145 317 12
145 1101 12
145 352 12
145 151 12
105 1070 12
105 78 12
105 1070 12
105 166 12
194 705 12
194 1817 12
194 111 12
194 1846 12
194 16 12
194 1733 12
194 168 12
194 1843 12
194 229 12
194 147 12
194 1751 12
194 91 12
194 1818 12
138 1347 12
138 40 12
138 164 12
138 230 12
138 1140 12
94 156 12
94 99 12
94 280 12
94 278 12
188 172 12
188 179 12
188 270 12
87 104 12
87 1378 12
87 1110 12
87 743 12
114 45 12
114 86 12
114 202 12
114 109 12
114 209 12
114 326 12
114 166 12
114 152 12
186 126 12
186 7 12
186 1805 12
186 1720 12
186 132 12
186 1786 12
86 614 12
86 1293 12
86 252 12
86 342 12
86 171 12
86 418 12
86 38 12
86 1742 12
86 612 12
86 6 12
86 690 12
86 926 12
86 925 12
86 345 12
90 272 12
90 185 12
90 614 12
90 179 12
90 234 12
90 1293 12
90 143 12
90 270 12
90 1093 12
90 252 12
90 170 12
90 77 12
90 75 12
90 418 12
90 38 12
90 1742 12
90 1803 12
90 87 12
90 103 12
90 767 12
90 6 12
90 217 12
90 345 12
191 307 12
191 7 12
191 113 12
191 161 12
191 232 12
191 632 12
191 140 12
191 132 12
110 1385 12
110 185 12
110 169 12
110 82 12
110 156 12
110 147 12
110 652 12
110 278 12
171 1849 12
171 1735 12
171 1768 12
122 1369 12
122 1255 12
92 87 12
92 1319 12
92 109 12
92 190 12
92 165 12
92 189 12
92 179 12
92 100 12
92 160 12
92 140 12
92 77 12
92 172 12
92 200 12
92 250 12
92 94 12
92 133 12
92 189 12
144 860 12
144 1728 12
144 86 12
144 147 12
144 154 12
109 1125 12
109 644 12
109 1342 12
109 147 12
132 150 12
132 170 12
132 216 12
132 300 12
132 1293 12
117 131 12
117 199 12
117 86 12
117 44 12
177 1758 12
177 1720 12
177 217 12
175 126 12
175 1291 12
175 1205 12
175 1283 12
175 179 12
175 88 12
175 1787 12
175 132 12
97 256 12
97 152 12
97 1243 12
127 107 12
127 996 12
127 461 12
127 77 12
127 103 12
127 80 12
127 393 12
127 128 12
153 129 12
153 162 12
153 133 12
135 1068 12
135 506 12
96 614 12
96 252 12
96 345 12
96 767 12
96 1293 12
96 1800 12
96 925 12
156 203 12
156 1835 12
172 140 12
172 7 12
172 1810 12
172 451 12
172 919 12
172 110 12
172 144 12
172 42 12
172 188 12
172 1100 12
172 151 12
172 92 12
172 690 12
173 104 12
173 1259 12
173 1756 12
173 150 12
173 1715 12
173 97 12
173 766 12
173 160 12
173 174 12
107 169 12
107 652 12
107 156 12
107 147 12
107 278 12
162 218 12
162 220 12
162 145 12
162 192 12
162 1741 12
162 178 12
162 187 12
162 191 12
162 444 12
162 1765 12
162 205 12
187 132 12
187 205 12
187 218 12
187 191 12
187 1765 12
187 160 12
187 249 12
187 1795 12
187 162 12
187 1002 12
187 178 12
187 1793 12
187 95 12
187 841 12
149 199 12
197 1804 12
197 113 12
197 151 12
197 393 12
197 282 12
197 1095 12
197 463 12
197 1093 12
197 1204 12
197 262 12
193 1842 12
193 249 12
193 145 12
193 1192 12
193 151 12
193 132 12
193 137 12
193 43 12
193 270 12
199 1792 12
199 91 12
199 270 12
199 1807 12
181 104 12
181 70 12
181 1213 12
181 1258 12
181 118 12
181 102 12
181 1111 12
181 209 12
181 1211 12
181 167 12
181 1082 12
150 126 12
150 88 12
150 110 12
150 152 12
150 0 12
150 176 12
150 219 12
150 1102 12
91 185 12
91 94 12
91 523 12
91 1832 12
91 1816 12
91 1764 12
91 179 12
91 171 12
91 1756 12
91 364 12
91 1814 12
91 1745 12
91 1782 12
91 213 12
91 1299 12
91 1713 12
91 6 12
91 76 12
91 1812 12
91 2 12
88 104 12
88 317 12
88 1355 12
88 91 12
88 144 12
88 1804 12
88 91 12
88 919 12
88 203 12
88 257 12
157 300 12
157 226 12
157 145 12
157 236 12
157 103 12
157 1707 12
126 1299 12
126 259 12
126 145 12
126 1750 12
126 317 12
126 352 12
126 151 12
126 171 12
126 149 12
126 523 12
126 167 12
126 130 12
126 919 12
126 257 12
126 9 12
126 119 12
126 384 12
155 224 12
155 863 12
155 119 12
155 886 12
155 208 12
155 276 12
155 66 12
155 139 12
158 305 12
158 135 12
158 151 12
158 227 12
128 1795 12
128 1847 12
128 205 12
128 1824 12
128 1831 12
160 115 12
160 159 12
160 237 12
160 160 12
176 165 12
200 187 12
200 38 12
200 163 12
200 210 12
200 141 12
93 197 12
93 44 12
103 1809 12
103 0 12
103 608 12
103 317 12
103 393 12
103 1286 12
103 680 12
146 343 12
146 1269 12
146 79 12
146 1342 12
146 333 12
146 189 12
146 1222 12
115 1842 12
115 135 12
115 1307 12
115 192 12
115 1100 12
115 179 12
115 107 12
115 305 12
115 1093 12
115 1286 12
115 1105 12
115 270 12
116 1299 12
116 145 12
116 104 12
116 1193 12
116 364 12
116 1834 12
116 705 12
116 583 12
116 150 12
116 94 12
116 445 12
116 861 12
116 39 12
116 2 12
116 48 12
116 119 12
116 119 12
116 1096 12
198 532 12
198 1283 12
198 152 12
198 176 12
198 88 12
198 26 12
198 79 12
95 177 12
95 281 12
95 1253 12
95 946 12
95 153 12
95 42 12
95 1264 12
95 111 12
95 198 12
95 127 12
95 164 12
95 1120 12
95 1338 12
95 170 12
111 157 12
111 179 12
111 162 12
111 270 12
111 841 12
111 175 12
163 162 12
163 272 12
163 151 12
163 1789 12
163 1198 12
163 1725 12
163 1811 12
113 225 12
113 189 12
113 156 12
113 213 12
113 991 12
113 137 12
113 304 12
118 900 12
118 97 12
118 211 12
118 1048 12
118 164 12
118 163 12
143 197 12
143 865 12
143 87 12
143 193 12
143 213 12
143 1342 12
143 156 12
143 180 12
143 523 12
143 712 12
189 212 12
189 1805 12
189 179 12
189 167 12
189 1720 12
189 257 12
189 1299 12
189 364 12
189 266 12
189 1100 12
189 453 12
189 132 12
189 175 12
192 7 12
192 1733 12
192 1817 12
192 266 12
192 1783 12
192 1306 12
192 1747 12
192 919 12
178 222 12
178 1757 12
178 205 12
178 1824 12
178 1831 12
178 1713 12
178 1720 12
178 104 12
178 1780 12
180 77 12
180 75 12
180 179 12
180 151 12
180 1201 12
180 82 12
180 133 12
180 175 12
190 1813 12
190 1193 12
190 1832 12
190 88 12
190 1780 12
190 152 12
185 205 12
185 0 12
185 139 12
185 1295 12
185 113 12
185 209 12
185 1727 12
185 119 12
185 931 12
129 216 12
129 228 12
129 150 12
129 305 12
129 1014 12
129 306 12
129 1288 12
148 747 12
174 1385 12
174 325 12
174 375 12
174 255 12
174 214 12
174 499 12
174 652 12
174 160 12
174 169 12
147 1354 12
147 1794 12
147 997 12
147 1834 12
147 107 12
147 78 12
147 143 12
147 165 12
147 165 12
147 213 12
147 218 12
106 924 12
106 1285 12
106 152 12
106 151 12
106 94 12
139 218 12
139 132 12
139 654 12
139 147 12
139 270 12
154 1813 12
154 602 12
154 224 12
154 1832 12
154 1735 12
152 1319 12
152 1838 12
152 1847 12
152 249 12
152 238 12
152 1831 12
152 1727 12
152 1720 12
152 1819 12
152 141 12
121 159 12
121 1293 12
121 86 12
121 133 12
121 44 12
121 0 12
121 1325 12
121 212 12
121 1291 12
108 919 12
108 1327 12
108 144 12
108 206 12
108 161 12
108 582 12
108 286 12
108 84 12
108 87 12
85 1325 12
85 300 12
85 317 12
85 145 12
85 103 12
85 220 12
85 307 12
85 270 12
85 919 12
99 98 12
99 86 12
99 364 12
99 97 12
99 118 12
99 82 12
99 150 12
99 9 12
99 126 12
99 106 12
99 1714 12
99 167 12
99 582 12
99 1366 12
99 148 12
99 712 12
99 1140 12
159 1299 12
159 16 12
124 123 12
124 1271 12
124 81 12
112 393 12
112 1826 12
112 1778 12
112 1738 12
112 1740 12
112 151 12
112 1820 12
101 137 12
125 1344 12
125 1349 12
125 76 12
125 1244 12
134 16 12
134 188 12
134 1259 12
195 199 12
195 101 12
195 175 12
195 975 12
140 279 12
1282 849 8
1282 1028 8
1297 606 8
1297 648 8
1297 861 8
1297 940 8
1307 0 8
1307 620 8
1307 1187 8
1387 1133 8
1387 956 8
1387 1247 8
1387 981 8
1387 30 8
1308 531 8
1308 620 8
1350 840 8
1350 1045 8
1350 499 8
1350 357 8
1337 28 8
1337 714 8
1337 1322 8
1337 1244 8
1337 946 8
1337 898 8
1337 1113 8
1337 879 8
1317 1076 8
1291 1272 8
1336 1022 8
1336 979 8
1336 1126 8
1336 1266 8
1336 1335 8
1336 1127 8
1374 71 8
1374 884 8
1374 494 8
1374 79 8
1374 1236 8
1380 1026 8
1380 589 8
1380 73 8
1380 424 8
1380 513 8
1380 79 8
1380 515 8
1380 1232 8
1380 657 8
1380 66 8
1371 343 8
1286 924 8
1286 1093 8
1313 790 8
1313 877 8
1305 1002 8
1305 1003 8
1339 564 8
1325 795 8
1325 1 8
1325 78 8
1325 1146 8
1352 684 8
1352 616 8
1352 615 8
1352 1079 8
1352 1246 8
1352 1244 8
1352 30 8
1352 1258 8
1352 958 8
1389 1052 8
1389 900 8
1389 491 8
1389 640 8
1389 873 8
1389 1390 8
1389 1133 8
1389 956 8
1389 1246 8
1381 46 8
1381 1023 8
1381 905 8
1381 1176 8
1314 719 8
1314 9 8
1314 394 8
1314 581 8
1353 1008 8
1353 44 8
1353 1093 8
1353 1189 8
1347 678 8
1347 898 8
1363 334 8
1363 793 8
1363 495 8
1363 2 8
1363 784 8
1363 792 8
1295 364 8
1295 861 8
1295 45 8
1351 1248 8
1351 1173 8
1351 1133 8
1351 1246 8
1351 30 8
1351 1049 8
1346 1271 8
1346 56 8
1346 63 8
1346 43 8
1346 946 8
1346 1031 8
1359 499 8
1359 375 8
1331 68 8
1331 898 8
1331 779 8
1331 56 8
1331 1250 8
1331 1134 8
1331 822 8
1331 1123 8
1331 970 8
1285 11 8
1285 1009 8
1285 393 8
1285 8 8
1285 429 8
1285 849 8
1302 1009 8
1302 1097 8
1311 4 8
1311 1238 8
1311 1152 8
1311 634 8
1311 743 8
1296 352 8
1296 364 8
1296 1194 8
1296 1102 8
1340 25 8
1340 716 8
1340 1244 8
1340 628 8
1340 1262 8
1340 1051 8
1340 1248 8
1340 1023 8
1340 899 8
1340 1246 8
1316 884 8
1316 19 8
1323 880 8
1373 1150 8
1299 1184 8
1299 2 8
1299 9 8
1318 877 8
1318 1154 8
1318 409 8
1318 884 8
1318 790 8
1321 21 8
1321 70 8
1321 1111 8
1321 495 8
1321 902 8
1321 1213 8
1321 1049 8
1284 1101 8
1284 42 8
1384 1237 8
1384 1223 8
1384 1221 8
1384 952 8
1384 1260 8
1384 1224 8
1344 946 8
1344 56 8
1320 92 8
1320 649 8
1320 636 8
1335 1104 8
1335 727 8
1335 1063 8
1335 1266 8
1341 1162 8
1341 1070 8
1300 1086 8
1300 7 8
1300 42 8
1300 614 8
1300 690 8
1300 1087 8
1300 925 8
1300 1108 8
1349 946 8
1349 56 8
1349 1250 8
1382 885 8
1382 424 8
1382 741 8
1382 669 8
1382 73 8
1382 79 8
1382 826 8
1382 1174 8
1382 1236 8
1382 1175 8
1382 38 8
1382 94 8
1388 956 8
1388 1133 8
1388 40 8
1388 1244 8
1388 30 8
1388 42 8
1280 5 8
1280 931 8
1328 1173 8
1328 32 8
1328 1177 8
1281 12 8
1281 678 8
1281 393 8
1281 1093 8
1334 1120 8
1334 517 8
1334 1053 8
1334 1248 8
1334 1131 8
1334 1250 8
1334 1132 8
1334 1244 8
1334 41 8
1348 946 8
1348 1250 8
1348 511 8
1348 56 8
1348 1244 8
1348 1245 8
1327 859 8
1327 63 8
1327 795 8
1327 657 8
1355 691 8
1355 996 8
1355 364 8
1391 4 8
1391 634 8
1391 811 8
1372 897 8
1372 943 8
1372 64 8
1372 1039 8
1364 953 8
1364 634 8
1364 951 8
1364 860 8
1364 368 8
1364 1236 8
1370 1255 8
1370 745 8
1390 584 8
1390 511 8
1390 1238 8
1390 634 8
1390 743 8
1390 1221 8
1390 895 8
1390 956 8
1390 952 8
1390 1389 8
1390 957 8
1390 537 8
1368 654 8
1368 648 8
1368 1200 8
1368 981 8
1377 968 8
1377 986 8
1377 956 8
1377 1226 8
1377 10 8
1304 855 8
1304 841 8
1304 583 8
1304 849 8
1304 919 8
1343 946 8
1343 956 8
1343 499 8
1342 1246 8
1342 805 8
1342 30 8
1342 712 8
1358 1022 8
1358 1059 8
1330 632 8
1330 366 8
1330 581 8
1330 382 8
1330 727 8
1332 701 8
1332 1138 8
1332 778 8
1332 624 8
1332 1151 8
1332 57 8
1385 636 8
1385 952 8
1385 652 8
1361 738 8
1362 753 8
1362 647 8
1362 668 8
1329 1114 8
1329 1113 8
1329 900 8
1329 796 8
1329 76 8
1329 78 8
1329 873 8
1357 641 8
1357 1129 8
1357 777 8
1357 580 8
1386 22 8
1386 956 8
1386 1246 8
1386 895 8
1360 624 8
1360 778 8
1360 701 8
1378 1040 8
1378 1211 8
1289 924 8
1289 12 8
1338 1244 8
1338 10 8
1354 1102 8
1354 861 8
1383 66 8
1383 495 8
1383 886 8
1383 424 8
1383 535 8
1383 1038 8
1383 786 8
1383 792 8
1356 23 8
1366 956 8
1366 1246 8
1366 1367 8
1366 1048 8
1312 71 8
1312 409 8
1312 975 8
1312 1152 8
1312 494 8
1309 757 8
1309 787 8
1309 494 8
1309 494 8
1309 53 8
1309 790 8
1309 877 8
1365 953 8
1283 0 8
1367 551 8
1367 64 8
1367 1130 8
1367 1366 8
1367 712 8
1367 1140 8
1298 582 8
1298 1202 8
1298 1186 8
1298 1102 8
1298 48 8
1298 1193 8
1298 9 8
1298 45 8
1298 861 8
1298 1096 8
1298 472 8
1298 705 8
1298 364 8
1333 816 8
1333 3 8
1333 960 8
1369 1200 8
1369 1255 8
1379 990 8
1379 514 8
1379 1109 8
1379 35 8
1315 1056 8
1315 884 8
1315 877 8
1315 1076 8
1315 19 8
1315 1051 8
1315 368 8
1306 610 8
1306 620 8
1324 581 8
1324 1166 8
1319 393 8
1319 47 8
1319 1037 8
1319 1214 8
1319 1011 8
1319 841 8
1293 345 8
1293 767 8
1293 925 8
1293 4 8
1293 1015 8
1290 1003 8
1290 1105 8
1290 1192 8
1290 842 8
1303 924 8
1303 926 8
1303 678 8
1345 47 8
1345 43 8
1345 1031 8
1345 693 8
1345 499 8
1345 1032 8
1375 897 8
1375 1141 8
1375 973 8
1375 370 8
1375 975 8
1375 1039 8
1375 1236 8
1310 810 8
1310 409 8
1310 1154 8
1310 494 8
1310 884 8
1310 953 8
1310 514 8
1791 444 11
1791 459 11
1796 114 11
1796 1720 11
1796 1761 11
1796 1739 11
1796 300 11
1796 1743 11
1785 1729 11
1785 1728 11
1785 1749 11
1785 1705 11
1785 1763 11
1785 315 11
1797 1767 11
1797 324 11
1797 364 11
1797 602 11
1797 1757 11
1797 85 11
1782 85 11
1782 1745 11
1782 1755 11
1782 1714 11
1782 132 11
1782 119 11
1779 1302 11
1779 1299 11
1779 747 11
1779 446 11
1779 1756 11
1779 139 11
1780 1757 11
1780 1193 11
1780 39 11
1780 119 11
1794 1718 11
1788 103 11
1788 1735 11
1788 291 11
1788 1758 11
1788 1742 11
1788 1759 11
1788 300 11
1799 103 11
1799 1707 11
1799 1742 11
1799 1737 11
1799 1723 11
1792 88 11
1792 258 11
1792 1768 11
1792 1720 11
1792 452 11
1783 111 11
1789 462 11
1789 1720 11
1789 442 11
1789 300 11
1789 1735 11
1789 291 11
1777 1191 11
1777 472 11
1777 144 11
1777 1193 11
1777 119 11
1777 48 11
1790 345 11
1790 1293 11
1790 272 11
1790 1742 11
1790 300 11
1790 105 11
1795 1766 11
1795 1719 11
1795 138 11
1795 137 11
1795 132 11
1795 131 11
1795 1100 11
1795 854 11
1795 1720 11
1795 1280 11
1795 930 11
1786 103 11
1786 88 11
1786 455 11
1786 7 11
1786 144 11
1786 1103 11
1786 472 11
1786 767 11
1786 305 11
1786 317 11
1786 1720 11
1786 1286 11
1786 42 11
1793 1765 11
1793 1766 11
1793 1768 11
1793 1741 11
1800 252 11
1800 87 11
1778 252 11
1778 1296 11
1778 1756 11
1778 766 11
1778 165 11
1778 919 11
1778 257 11
1778 1746 11
1778 472 11
1778 119 11
1787 1002 11
1787 687 11
1787 1014 11
1787 841 11
1787 1205 11
1784 841 11
1784 332 11
1807 88 11
1807 1778 11
1807 1792 11
1807 452 11
1807 1780 11
1807 305 11
131 51 11
1818 16 11
1818 1733 11
1818 115 11
1818 293 11
1818 297 11
1818 168 11
1818 1751 11
1818 287 11
1818 111 11
1818 146 11
1823 531 11
1823 1778 11
1823 1775 11
1823 1740 11
1823 841 11
1823 1720 11
1823 1755 11
1805 88 11
1805 143 11
1805 305 11
1805 132 11
1805 1786 11
1805 919 11
1805 1720 11
1825 924 11
1825 138 11
1825 142 11
1825 1720 11
1825 42 11
1825 1795 11
1825 849 11
1812 1777 11
1812 1184 11
1812 119 11
1812 119 11
1809 1798 11
1809 137 11
1809 87 11
151 924 11
151 931 11
151 110 11
151 140 11
151 7 11
151 144 11
151 1280 11
151 132 11
151 42 11
151 270 11
1808 88 11
1808 305 11
1808 449 11
1808 1283 11
1808 132 11
1810 7 11
1810 118 11
1810 140 11
1810 144 11
1810 125 11
1810 42 11
1810 767 11
1810 1093 11
1811 272 11
1811 1759 11
1811 300 11
1811 1788 11
1811 1735 11
1811 1796 11
1811 1725 11
1811 1742 11
1811 132 11
1811 1790 11
1816 132 11
1816 1018 11
1816 1016 11
1822 87 11
1822 1771 11
1821 148 11
1821 1769 11
1821 1283 11
1821 0 11
1821 1792 11
141 603 11
141 91 11
141 270 11
141 143 11
141 1006 11
141 77 11
1814 1355 11
1814 1745 11
1814 1782 11
1814 1755 11
1814 48 11
1814 1764 11
1817 1751 11
1817 111 11
201 135 11
201 184 11
201 669 11
201 1213 11
201 119 11
201 1070 11
201 102 11
212 0 11
212 1189 11
212 1208 11
212 1096 11
212 133 11
212 158 11
212 101 11
212 86 11
212 924 11
212 132 11
212 257 11
212 113 11
137 100 11
137 125 11
137 100 11
137 51 11
137 1150 11
137 1080 11
1824 1795 11
1824 1763 11
1824 150 11
1824 1797 11
1824 106 11
1824 931 11
1815 252 11
1815 140 11
1815 165 11
1815 1778 11
1815 472 11
1815 766 11
1815 919 11
1804 80 11
1804 96 11
1804 1770 11
1804 262 11
142 1042 11
142 336 11
142 160 11
142 96 11
142 293 11
142 119 11
1820 103 11
1820 317 11
1820 521 11
1820 1758 11
1820 189 11
1820 156 11
1820 172 11
1820 153 11
1820 137 11
1820 463 11
1820 919 11
1801 6 11
1801 1720 11
1801 130 11
1801 1768 11
1801 145 11
1801 87 11
1801 4 11
1801 252 11
1801 143 11
1801 443 11
1801 137 11
1801 75 11
1801 266 11
1801 1738 11
1801 312 11
1801 317 11
1806 110 11
1806 140 11
1806 144 11
1806 305 11
1806 132 11
1806 449 11
1806 919 11
1802 1299 11
1802 1779 11
1802 446 11
1802 1756 11
1802 150 11
1802 119 11
1819 1784 11
1819 1709 11
1819 95 11
1819 1291 11
1819 1793 11
211 85 11
211 491 11
211 464 11
211 865 11
211 131 11
211 1259 11
211 82 11
211 156 11
211 1260 11
211 569 11
211 106 11
211 1062 11
211 166 11
167 1299 11
167 1293 11
167 1102 11
167 104 11
167 171 11
167 136 11
167 257 11
167 379 11
167 119 11
1826 1739 11
1826 1758 11
1826 103 11
1826 443 11
1826 1723 11
1826 105 11
1826 1738 11
1826 77 11
1826 1319 11
1826 1729 11
1826 75 11
1826 252 11
1826 1737 11
1826 1742 11
1826 1767 11
1803 1739 11
1803 418 11
1803 1735 11
1803 77 11
1803 1720 11
237 1751 12
237 159 12
237 1306 12
244 105 12
244 165 12
244 131 12
244 179 12
244 99 12
244 189 12
244 165 12
244 106 12
244 182 12
244 166 12
244 125 12
244 163 12
223 102 12
223 106 12
223 1337 12
223 1258 12
1831 1819 12
1831 1795 12
1831 145 12
1831 205 12
1831 1824 12
1831 151 12
1831 145 12
1831 1720 12
1831 931 12
183 123 12
183 250 12
183 119 12
239 414 12
239 163 12
239 80 12
1843 140 12
1843 83 12
1843 147 12
1843 931 12
1843 104 12
1843 1787 12
1843 16 12
1843 1308 12
1843 1007 12
1843 131 12
1843 119 12
1834 1299 12
1834 104 12
1834 1777 12
1834 48 12
1834 1781 12
1834 1804 12
1834 154 12
1834 2 12
1834 119 12
184 1314 12
184 400 12
184 62 12
184 120 12
184 172 12
206 898 12
206 1244 12
206 127 12
228 1795 12
228 157 12
228 141 12
228 602 12
228 743 12
228 956 12
228 1288 12
228 1089 12
228 131 12
228 160 12
228 137 12
228 928 12
1846 1094 12
1846 1291 12
1846 1819 12
1846 275 12
1846 257 12
1846 332 12
1846 16 12
1846 601 12
1846 151 12
1846 1709 12
1846 1712 12
1846 1730 12
1849 87 12
1849 1739 12
1849 16 12
1849 1735 12
1849 150 12
1849 1707 12
1849 1789 12
1849 1813 12
1849 1720 12
1849 1803 12
1849 1768 12
213 343 12
213 1372 12
213 324 12
213 1130 12
1844 7 12
1844 42 12
1844 931 12
1837 1304 12
1837 145 12
1837 159 12
1837 841 12
1837 841 12
1837 1720 12
1837 270 12
1837 128 12
1837 161 12
215 1285 12
215 678 12
215 113 12
215 120 12
215 142 12
207 1339 12
207 1376 12
207 316 12
218 132 12
218 1795 12
218 159 12
218 1787 12
218 931 12
218 1304 12
218 145 12
218 266 12
218 106 12
218 95 12
218 147 12
218 153 12
218 841 12
218 1280 12
218 583 12
218 160 12
218 205 12
218 128 12
218 161 12
218 146 12
229 163 12
229 1818 12
229 1751 12
229 563 12
229 16 12
229 1301 12
229 1817 12
1836 1779 12
1836 144 12
1836 1802 12
1836 1720 12
1836 1777 12
1836 1299 12
1836 1757 12
250 183 12
250 829 12
250 1244 12
250 299 12
250 1366 12
250 87 12
225 189 12
225 191 12
225 189 12
225 168 12
225 1820 12
1847 1819 12
1847 1824 12
1847 141 12
232 100 12
232 163 12
232 98 12
232 584 12
232 773 12
1838 1778 12
1838 238 12
221 165 12
221 1299 12
221 1813 12
221 919 12
221 472 12
221 82 12
221 144 12
221 292 12
221 861 12
221 39 12
221 2 12
221 119 12
208 278 12
208 189 12
208 280 12
208 122 12
208 1348 12
249 137 12
249 113 12
249 931 12
249 168 12
249 266 12
249 95 12
249 91 12
249 154 12
202 121 12
202 1287 12
202 75 12
202 303 12
210 121 12
210 75 12
245 103 12
245 144 12
245 1 12
245 1090 12
245 521 12
245 1755 12
245 149 12
245 80 12
245 163 12
245 142 12
236 226 12
236 140 12
236 216 12
236 291 12
236 130 12
1842 89 12
1842 43 12
1842 270 12
1842 91 12
1842 925 12
243 122 12
1835 1295 12
1835 82 12
1835 179 12
1835 106 12
1835 186 12
1835 861 12
1835 136 12
1835 919 12
1835 9 12
1835 119 12
1835 1104 12
1835 1193 12
1835 364 12
1835 637 12
1835 136 12
1835 303 12
1835 173 12
1835 1106 12
161 1778 12
161 1824 12
161 165 12
161 1792 12
161 1785 12
161 1749 12
161 1790 12
161 1767 12
161 1777 12
161 1750 12
161 1815 12
161 1759 12
161 1758 12
161 1756 12
161 139 12
161 184 12
161 197 12
161 1780 12
161 1799 12
161 1811 12
182 92 12
182 956 12
182 1271 12
182 77 12
182 104 12
182 149 12
1830 1766 12
1830 1718 12
203 75 12
203 291 12
203 167 12
203 252 12
203 333 12
203 117 12
203 1102 12
203 189 12
203 305 12
203 119 12
1832 364 12
1832 1813 12
1832 1713 12
1832 1749 12
1832 1812 12
1832 1729 12
1832 1780 12
1833 1193 12
1833 1299 12
1833 2 12
1833 186 12
1833 9 12
1833 766 12
1833 446 12
1833 119 12
1833 1790 12
1833 1756 12
1833 195 12
168 181 12
168 125 12
168 208 12
168 104 12
168 119 12
168 139 12
217 1766 12
217 120 12
217 449 12
217 1720 12
217 1747 12
217 270 12
217 141 12
214 263 12
214 169 12
214 1342 12
219 1296 12
219 1353 12
219 1101 12
219 1194 12
219 1102 12
170 130 12
170 252 12
170 87 12
170 128 12
170 172 12
170 305 12
170 1280 12
170 767 12
170 291 12
233 1011 12
233 678 12
233 77 12
233 270 12
233 1098 12
233 93 12
233 1093 12
233 272 12
246 162 12
246 44 12
224 602 12
224 1849 12
224 1813 12
224 1803 12
224 1720 12
240 45 12
240 9 12
240 1295 12
240 82 12
240 991 12
240 1193 12
240 189 12
240 1382 12
240 1102 12
240 119 12
165 176 12
165 88 12
231 330 12
231 259 12
231 131 12
231 256 12
231 82 12
231 256 12
231 106 12
231 582 12
231 143 12
231 114 12
1839 252 12
1839 7 12
1839 1757 12
1839 1734 12
1839 154 12
1839 472 12
1839 766 12
1839 1713 12
169 1271 12
169 86 12
169 1048 12
169 649 12
169 128 12
169 161 12
169 89 12
1845 1258 12
1845 118 12
1845 299 12
1845 314 12
1845 1111 12
1845 1388 12
1845 149 12
1845 1352 12
1845 114 12
238 1813 12
238 1816 12
238 1720 12
238 1838 12
220 126 12
220 7 12
220 1808 12
220 305 12
220 77 12
220 82 12
220 857 12
220 107 12
220 83 12
220 1283 12
220 179 12
220 1208 12
220 449 12
242 152 12
242 1319 12
242 877 12
222 1749 12
222 1713 12
222 1728 12
222 766 12
222 1757 12
235 1113 12
235 1052 12
235 109 12
235 1343 12
235 1244 12
235 1062 12
235 34 12
235 1245 12
204 1306 12
204 86 12
204 199 12
204 101 12
204 153 12
204 113 12
204 120 12
204 44 12
216 126 12
216 150 12
234 87 12
234 252 12
234 1799 12
234 1738 12
234 1809 12
241 1338 12
241 10 12
241 499 12
230 103 12
230 184 12
230 40 12
230 1367 12
230 1366 12
230 1254 12
230 1140 12
227 145 12
227 268 12
227 691 12
227 151 12
227 300 12
227 623 12
209 93 12
209 141 12
209 5 12
247 109 12
248 1297 12
248 333 12
248 97 12
226 152 12
226 141 12
226 186 12
226 216 12
226 175 12
226 220 12
1840 1302 12
1840 1722 12
1840 1825 12
1840 393 12
1848 842 12
1848 212 12
1848 1283 12
1848 1325 12
1848 305 12
1848 158 12
1848 1758 12
1848 1805 12
1848 449 12
1848 1 12
1848 103 12
1848 132 12
1848 126 12
1848 1742 12
1848 113 12
1848 1720 12
449 0 8
449 611 8
449 1293 8
444 1002 8
461 924 8
461 764 8
457 16 8
457 1029 8
457 1292 8
457 1288 8
457 930 8
464 1144 8
443 345 8
443 6 8
443 692 8
454 1100 8
455 1192 8
455 1288 8
450 16 8
460 915 8
460 1327 8
458 637 8
458 1353 8
458 1106 8
458 39 8
446 1302 8
446 1299 8
446 1320 8
446 1319 8
446 925 8
451 7 8
451 1100 8
451 42 8
453 1303 8
453 1293 8
453 1013 8
453 611 8
448 844 8
448 602 8
448 1187 8
448 583 8
448 48 8
456 775 8
456 1197 8
456 393 8
445 1102 8
445 1296 8
459 620 8
463 1188 8
463 393 8
447 942 8
447 1090 8
447 582 8
447 6 8
268 1093 9
268 1103 9
268 678 9
268 463 9
331 919 9
331 472 9
331 611 9
1727 919 9
1727 352 9
1727 393 9
1727 1204 9
1727 462 9
1727 1296 9
1727 447 9
1727 465 9
1727 1293 9
1727 691 9
1727 445 9
1727 453 9
1727 1194 9
1727 861 9
1727 345 9
291 924 9
291 150 9
298 91 9
298 1326 9
323 1328 9
323 430 9
323 1330 9
323 382 9
323 34 9
323 925 9
323 581 9
281 1271 9
281 90 9
281 956 9
281 743 9
281 1253 9
281 138 9
281 42 9
281 387 9
281 105 9
314 63 9
314 1327 9
314 1342 9
314 1271 9
314 42 9
314 1388 9
314 130 9
314 114 9
260 33 9
260 18 9
254 1391 9
254 616 9
254 990 9
254 81 9
322 1234 9
322 956 9
322 784 9
322 640 9
317 919 9
282 1286 9
282 1093 9
282 1098 9
282 924 9
282 393 9
282 47 9
282 1308 9
305 126 9
305 449 9
305 1283 9
305 28 9
305 159 9
305 1286 9
305 132 9
305 113 9
305 42 9
305 1189 9
262 849 9
262 1302 9
262 166 9
262 393 9
1726 454 9
307 1319 9
307 1 9
307 78 9
307 1325 9
307 1330 9
286 1244 9
286 805 9
286 1246 9
286 65 9
318 1364 9
318 1365 9
318 58 9
318 1061 9
318 82 9
318 953 9
259 1001 9
259 364 9
259 993 9
259 1193 9
259 131 9
308 1151 9
308 109 9
308 1335 9
308 128 9
308 1063 9
303 44 9
1724 88 9
1724 1283 9
289 1331 9
289 137 9
289 1250 9
289 76 9
289 1244 9
289 840 9
289 796 9
288 957 9
288 110 9
288 1258 9
288 118 9
288 1259 9
288 38 9
288 1133 9
288 106 9
288 1051 9
288 30 9
288 956 9
288 1388 9
288 1352 9
266 1196 9
266 925 9
266 104 9
266 1353 9
266 1186 9
266 861 9
266 924 9
266 797 9
266 687 9
266 1101 9
266 1197 9
266 690 9
266 601 9
266 9 9
266 136 9
276 886 9
276 1383 9
276 792 9
1725 396 9
1725 144 9
1725 168 9
1725 462 9
301 541 9
301 1125 9
301 1356 9
301 1136 9
301 40 9
301 81 9
269 1271 9
269 956 9
269 1133 9
269 132 9
269 1388 9
269 556 9
1712 460 9
1712 1327 9
1712 6 9
311 137 9
311 1250 9
311 90 9
311 1046 9
311 118 9
311 76 9
311 120 9
311 946 9
311 1244 9
311 1044 9
311 898 9
330 860 9
330 1232 9
330 131 9
330 895 9
330 149 9
330 1243 9
278 79 9
295 1372 9
295 1342 9
327 1122 9
327 1271 9
327 1223 9
327 115 9
327 1162 9
327 965 9
263 942 9
263 1125 9
263 1262 9
263 1342 9
263 121 9
263 142 9
263 15 9
263 1385 9
263 652 9
263 1177 9
263 644 9
263 1090 9
263 1338 9
263 10 9
258 461 9
258 1101 9
258 36 9
258 393 9
253 1113 9
253 1052 9
253 63 9
253 510 9
253 1217 9
253 572 9
253 1245 9
287 1280 9
287 145 9
272 1283 9
272 5 9
272 1209 9
272 38 9
272 345 9
316 656 9
316 1339 9
332 16 9
332 1280 9
309 1040 9
309 87 9
309 948 9
309 1148 9
309 947 9
309 875 9
257 1258 9
257 364 9
257 132 9
257 393 9
257 1186 9
257 1006 9
257 113 9
271 12 9
271 1285 9
271 1286 9
271 1101 9
271 28 9
271 849 9
271 166 9
271 1093 9
271 1289 9
261 1203 9
280 886 9
280 66 9
319 39 9
319 11 9
319 1091 9
319 602 9
310 1323 9
328 4 9
325 884 9
325 1315 9
325 1374 9
325 494 9
325 1316 9
325 494 9
294 1218 9
294 1217 9
293 602 9
293 7 9
1707 16 9
1707 459 9
1716 602 9
1716 637 9
267 875 9
300 1280 9
300 396 9
300 1185 9
290 91 9
290 1326 9
1720 602 9
1720 16 9
1720 455 9
292 996 9
1717 775 9
1717 145 9
1717 602 9
1717 931 9
1717 456 9
296 43 9
296 1031 9
296 1244 9
296 1346 9
1719 456 9
1719 448 9
1719 654 9
1719 766 9
1719 847 9
1719 1280 9
255 1342 9
255 414 9
255 1271 9
333 1297 9
333 1222 9
333 895 9
333 1294 9
1715 166 9
1715 766 9
1715 364 9
1715 919 9
1715 472 9
1723 841 9
1723 602 9
1723 126 9
1723 28 9
1705 160 9
270 843 9
270 1006 9
270 1093 9
273 103 9
273 1367 9
273 140 9
273 1269 9
273 1305 9
273 79 9
1713 747 9
1713 9 9
1713 848 9
1713 45 9
1713 364 9
306 1293 9
306 1371 9
306 38 9
306 345 9
299 1367 9
299 118 9
299 1366 9
274 966 9
274 1357 9
274 720 9
285 1320 9
285 149 9
285 1037 9
285 1200 9
285 146 9
321 1275 9
321 1051 9
275 1255 9
275 160 9
275 1259 9
275 1258 9
275 1369 9
275 1320 9
313 1051 9
313 1270 9
315 526 9
315 798 9
315 1013 9
315 1002 9
315 930 9
329 1262 9
329 1165 9
329 81 9
329 69 9
329 152 9
329 1262 9
1721 1002 9
1721 1006 9
1721 1198 9
283 73 9
283 139 9
283 165 9
283 334 9
283 1383 9
283 886 9
279 64 9
279 943 9
279 822 9
279 806 9
279 1372 9
279 963 9
1722 760 9
1722 1184 9
1722 1 9
1722 621 9
265 1264 9
265 1244 9
265 1118 9
1709 457 9
326 1372 9
326 1321 9
326 1216 9
326 64 9
326 943 9
326 963 9
264 1154 9
264 1391 9
264 19 9
264 117 9
264 1228 9
264 163 9
264 634 9
256 45 9
256 1327 9
256 861 9
256 131 9
256 1222 9
252 472 9
252 1293 9
252 614 9
252 382 9
252 1283 9
252 924 9
252 849 9
252 919 9
297 7 9
297 364 9
297 1305 9
1714 472 9
1714 442 9
1714 48 9
1714 691 9
1714 453 9
324 64 9
324 799 9
324 428 9
324 916 9
324 36 9
324 701 9
324 712 9
324 1104 9
324 1128 9
324 1372 9
324 1236 9
277 1246 9
277 1111 9
277 118 9
277 70 9
302 45 9
302 867 9
302 1390 9
302 1232 9
312 851 9
320 1318 9
320 100 9
320 1244 9
320 790 9
320 877 9
320 1317 9
320 1315 9
320 894 9
320 117 9
1731 1020 10
1731 1706 10
1731 770 10
1731 582 10
1731 1708 10
1739 450 10
1739 1720 10
1736 526 10
1736 602 10
1736 1718 10
1741 1280 10
1741 841 10
1742 1 10
1742 614 10
1742 300 10
1742 1325 10
1742 1707 10
1742 1293 10
1742 767 10
1742 6 10
1742 453 10
1742 925 10
1742 345 10
1742 1146 10
1746 1002 10
1746 841 10
1729 460 10
1729 1713 10
1729 1712 10
1729 1717 10
1729 1714 10
1729 448 10
1729 459 10
1729 1707 10
1729 304 10
1729 364 10
1729 352 10
1744 1713 10
1735 1725 10
1735 317 10
1735 291 10
1737 1723 10
1730 1711 10
1730 1712 10
1730 1708 10
1730 443 10
1730 1706 10
1730 1710 10
1730 1709 10
1730 457 10
1730 142 10
1730 16 10
1732 463 10
1732 1007 10
1732 16 10
1732 1105 10
1738 1319 10
1738 448 10
1738 297 10
1738 1720 10
1738 1719 10
1738 1723 10
1738 602 10
1747 144 10
1747 451 10
1747 1202 10
1747 919 10
1747 472 10
1747 767 10
1747 317 10
1747 1720 10
1728 332 10
1745 1299 10
1745 6 10
1745 583 10
1745 582 10
1745 2 10
1745 48 10
1743 300 10
1743 108 10
1743 1710 10
1743 1290 10
1743 534 10
1743 1720 10
1743 1706 10
1734 460 10
1734 1712 10
1429 138 13
1429 325 13
1429 165 13
1429 197 13
1429 877 13
1429 40 13
1429 128 13
1429 42 13
1429 4 13
1429 164 13
1429 114 13
1453 109 13
1453 996 13
1453 125 13
1453 105 13
1453 255 13
1453 147 13
1453 164 13
1453 1102 13
1453 909 13
1447 582 13
1447 1186 13
1447 88 13
1447 111 13
1447 189 13
1447 1727 13
1447 472 13
1447 312 13
1447 119 13
1447 74 13
1447 132 13
1447 113 13
1497 153 13
1497 77 13
1497 317 13
1854 1299 13
1854 238 13
1854 150 13
1854 1832 13
1854 1715 13
1854 126 13
1854 1834 13
1414 597 13
1414 143 13
1414 111 13
1414 185 13
1414 121 13
1414 189 13
1414 190 13
1414 179 13
1414 156 13
1414 1293 13
1414 523 13
1414 1764 13
1414 304 13
1414 108 13
1414 1777 13
1414 1299 13
1414 96 13
1414 113 13
1414 90 13
1414 156 13
1414 77 13
1414 195 13
1414 123 13
1414 91 13
1414 1814 13
1414 1325 13
1414 92 13
1414 213 13
1414 180 13
1414 136 13
1414 1820 13
1414 86 13
1414 218 13
1441 153 13
1441 195 13
1441 38 13
1441 163 13
1441 1293 13
1441 126 13
1441 96 13
1441 200 13
1410 114 13
1410 90 13
1410 155 13
1410 1270 13
1410 1069 13
1853 246 13
1853 1753 13
1853 1295 13
1853 798 13
1853 1751 13
1461 109 13
1461 1062 13
1461 152 13
1461 1052 13
1461 1245 13
1461 175 13
1461 253 13
1461 160 13
1461 670 13
1431 1383 13
1431 276 13
1431 164 13
1431 886 13
1431 792 13
1449 103 13
1449 1806 13
1449 110 13
1449 101 13
1449 305 13
1449 1805 13
1449 1100 13
1449 113 13
1449 171 13
1449 691 13
1449 199 13
1449 151 13
1449 132 13
1449 74 13
1449 158 13
1394 113 13
1394 170 13
1394 224 13
1394 141 13
1394 1832 13
1394 229 13
1394 115 13
1394 1293 13
1394 151 13
1394 91 13
1394 161 13
1493 1819 13
1493 249 13
1493 1847 13
1493 145 13
1493 205 13
1493 192 13
1493 193 13
1493 1831 13
1493 1793 13
1493 95 13
1493 187 13
1493 128 13
1862 675 13
1862 930 13
1866 1813 13
1866 154 13
1866 1849 13
1866 1832 13
1866 602 13
1866 1720 13
1419 179 13
1419 175 13
1419 77 13
1419 92 13
1419 111 13
1434 165 13
1434 187 13
1434 163 13
1434 158 13
1434 200 13
1428 168 13
1428 277 13
1428 556 13
1428 155 13
1867 1813 13
1867 931 13
1867 773 13
1867 205 13
1867 186 13
1867 1832 13
1867 1824 13
1867 123 13
1867 128 13
1867 1720 13
1867 1718 13
1457 166 13
1457 179 13
1457 83 13
1457 191 13
1485 105 13
1485 221 13
1485 1355 13
1485 123 13
1485 1832 13
1485 154 13
1485 190 13
1485 1728 13
1485 86 13
1443 194 13
1443 1039 13
1861 924 13
1861 83 13
1861 678 13
1861 1722 13
1861 621 13
1861 191 13
1861 262 13
1861 1840 13
1861 197 13
1861 42 13
1861 393 13
1861 166 13
1861 444 13
1861 151 13
1466 1761 13
1466 462 13
1466 1735 13
1466 163 13
1466 1803 13
1466 1768 13
1466 453 13
1466 1725 13
1466 1720 13
1466 1811 13
1852 227 13
1852 158 13
1852 191 13
1852 1029 13
1416 233 13
1416 226 13
1416 179 13
1416 141 13
1416 100 13
1416 145 13
1416 98 13
1416 38 13
1416 175 13
1416 111 13
1416 93 13
1408 118 13
1408 179 13
1408 170 13
1408 919 13
1408 472 13
1408 7 13
1412 491 13
1412 92 13
1412 962 13
1412 80 13
1460 100 13
1460 51 13
1460 1150 13
1460 137 13
1456 143 13
1433 120 13
1433 185 13
1433 730 13
1433 110 13
1433 94 13
1433 278 13
1450 227 13
1450 158 13
1450 1029 13
1450 623 13
1450 1093 13
1498 199 13
1498 162 13
1498 151 13
1498 1723 13
1498 153 13
1498 141 13
1498 149 13
1498 150 13
1498 152 13
1498 654 13
1498 186 13
1498 136 13
1498 200 13
1859 191 13
1859 1804 13
1859 1770 13
1859 133 13
1859 257 13
1859 88 13
1859 262 13
1418 139 13
1418 849 13
1418 98 13
1418 165 13
1418 654 13
1418 90 13
1418 91 13
1418 77 13
1418 317 13
1418 85 13
1418 1183 13
1418 38 13
1418 636 13
1418 92 13
1418 87 13
1418 196 13
1418 127 13
1501 272 13
1501 1209 13
1501 100 13
1462 135 13
1462 277 13
1462 1070 13
1462 201 13
1462 105 13
1462 1213 13
1476 172 13
1476 191 13
1476 145 13
1476 930 13
1476 1752 13
1476 1791 13
1476 83 13
1476 444 13
1476 166 13
1440 186 13
1440 102 13
1440 207 13
1440 9 13
1471 116 13
1471 85 13
1471 797 13
1471 86 13
1471 163 13
1471 153 13
1471 333 13
1471 146 13
1471 33 13
1471 1782 13
1471 78 13
1471 88 13
1471 147 13
1471 204 13
1471 142 13
1471 178 13
1471 225 13
1471 119 13
1471 149 13
1495 1094 13
1495 985 13
1495 156 13
1495 213 13
1495 189 13
1495 111 13
1395 175 13
1395 148 13
1395 364 13
1395 747 13
1439 207 13
1439 1339 13
1439 1376 13
1439 117 13
1439 1366 13
1439 316 13
1406 179 13
1406 300 13
1489 1795 13
1489 137 13
1489 1722 13
1489 218 13
1489 621 13
1489 178 13
1489 95 13
1489 191 13
1489 205 13
1489 1840 13
1489 1306 13
1489 132 13
1445 214 13
1445 76 13
1445 326 13
1445 152 13
1445 194 13
1445 175 13
1445 1372 13
1490 89 13
1490 1723 13
1490 178 13
1490 601 13
1490 1840 13
1490 128 13
1490 146 13
1487 1847 13
1487 1846 13
1487 194 13
1487 77 13
1487 1733 13
1487 249 13
1487 98 13
1487 192 13
1487 1818 13
1487 1823 13
1487 88 13
1491 1795 13
1491 249 13
1491 132 13
1491 205 13
1491 218 13
1491 1492 13
1491 187 13
1491 162 13
1491 128 13
1857 126 13
1857 1291 13
1857 383 13
1857 459 13
1857 77 13
1857 601 13
1452 194 13
1452 1372 13
1452 86 13
1452 1130 13
1452 975 13
1452 76 13
1469 1832 13
1469 1713 13
1469 1813 13
1469 252 13
1469 117 13
1469 1414 13
1469 1728 13
1469 137 13
1469 178 13
1469 91 13
1469 1090 13
1469 76 13
1469 39 13
1469 1816 13
1469 161 13
1469 1192 13
1469 195 13
1478 189 13
1478 240 13
1478 111 13
1478 76 13
1478 137 13
1455 144 13
1455 118 13
1455 1817 13
1455 189 13
1455 1029 13
1455 255 13
1455 1751 13
1455 1389 13
1468 170 13
1468 1798 13
1468 1758 13
1468 1832 13
1468 1325 13
1468 237 13
1468 459 13
1468 1729 13
1415 63 13
1426 123 13
1426 223 13
1426 124 13
1479 1846 13
1479 16 13
1479 1733 13
1479 1307 13
1479 1821 13
1479 192 13
1479 194 13
1479 159 13
1479 1749 13
1479 192 13
1479 1817 13
1479 1818 13
1479 148 13
1479 229 13
1409 108 13
1409 206 13
1409 1424 13
1409 87 13
1409 1804 13
1409 74 13
1409 158 13
1409 1111 13
1409 120 13
1422 255 13
1422 152 13
1422 1246 13
1422 1342 13
1422 805 13
1422 1247 13
1397 139 13
1397 144 13
1397 192 13
1397 163 13
1397 284 13
1397 115 13
1397 7 13
1397 221 13
1397 297 13
1397 1728 13
1397 91 13
1397 88 13
1458 109 13
1458 1125 13
1458 652 13
1458 644 13
1458 107 13
1458 178 13
1458 92 13
1458 147 13
1496 152 13
1496 129 13
1496 317 13
1496 133 13
1496 306 13
1496 91 13
1496 96 13
1496 270 13
1856 199 13
1856 331 13
1856 90 13
1856 120 13
1856 92 13
1856 1293 13
1856 94 13
1856 151 13
1856 129 13
1856 86 13
1870 205 13
1870 1831 13
1870 95 13
1870 151 13
1870 149 13
1480 272 13
1480 140 13
1480 143 13
1480 220 13
1480 89 13
1480 189 13
1480 1009 13
1480 179 13
1480 1738 13
1448 370 13
1448 424 13
1448 1236 13
1475 1794 13
1475 138 13
1475 1831 13
1475 154 13
1475 300 13
1475 1832 13
1475 238 13
1475 131 13
1475 128 13
1475 602 13
1475 1762 13
1475 224 13
1475 1720 13
1475 1774 13
1475 1718 13
1459 246 13
1459 162 13
1459 165 13
1459 166 13
1401 159 13
1401 924 13
1401 1096 13
1486 1002 13
1486 168 13
1486 171 13
1486 109 13
1486 229 13
1486 194 13
1486 192 13
1486 1818 13
1486 1306 13
1430 1141 13
1430 1383 13
1430 886 13
1869 1847 13
1869 151 13
1869 1832 13
1869 128 13
1869 187 13
1869 1819 13
1869 249 13
1869 91 13
1869 6 13
1869 1812 13
1869 1780 13
1869 2 13
1399 1302 13
1477 1766 13
1477 1742 13
1477 1720 13
1477 1013 13
1477 312 13
1477 449 13
1477 300 13
1396 145 13
1396 104 13
1396 364 13
1396 173 13
1396 215 13
1396 1325 13
1396 139 13
1396 149 13
1396 126 13
1396 167 13
1396 132 13
1396 1308 13
1396 9 13
1396 257 13
1423 151 13
1423 562 13
1423 1371 13
1423 145 13
1423 149 13
1423 140 13
1427 1213 13
1427 181 13
1427 1070 13
1427 277 13
1427 1111 13
1427 1211 13
1482 133 13
1482 179 13
1482 217 13
1482 1720 13
1482 132 13
1482 189 13
1492 205 13
1492 128 13
1492 187 13
1492 1444 13
1492 1308 13
1492 249 13
1492 454 13
1492 95 13
1492 162 13
1492 1491 13
1492 149 13
1492 1774 13
1868 1824 13
1868 205 13
1868 77 13
1868 120 13
1868 1804 13
1868 159 13
1868 245 13
1868 187 13
1868 128 13
1868 239 13
1868 149 13
1868 1444 13
1868 257 13
1868 199 13
1868 178 13
1868 305 13
1868 198 13
1868 95 13
1868 1491 13
1400 924 13
1400 1302 13
1400 258 13
1400 94 13
1400 262 13
1400 393 13
1400 131 13
1402 126 13
1402 1404 13
1402 1440 13
1500 140 13
1500 1183 13
1494 91 13
1494 172 13
1494 1837 13
1494 1720 13
1494 166 13
1413 203 13
1425 129 13
1425 64 13
1425 1236 13
1425 76 13
1425 123 13
1425 223 13
1425 301 13
1425 124 13
1392 110 13
1392 150 13
1392 152 13
1392 176 13
1392 88 13
1392 151 13
1392 149 13
1483 83 13
1483 112 13
1483 151 13
1483 133 13
1398 109 13
1398 101 13
1398 113 13
1398 159 13
1398 168 13
1398 1306 13
1398 147 13
1398 1353 13
1860 1821 13
1860 192 13
1860 194 13
1860 145 13
1860 1818 13
1860 99 13
1474 113 13
1474 119 13
1474 1283 13
1474 104 13
1474 364 13
1474 215 13
1474 126 13
1474 88 13
1474 861 13
1474 449 13
1474 0 13
1474 1813 13
1474 133 13
1474 136 13
1474 305 13
1488 931 13
1488 191 13
1488 224 13
1488 272 13
1488 189 13
1488 112 13
1488 137 13
1488 1823 13
1488 1820 13
1855 292 13
1855 146 13
1855 142 13
1865 1102 13
1865 364 13
1865 179 13
1865 1145 13
1446 158 13
1446 129 13
1446 162 13
1446 151 13
1446 312 13
1446 149 13
1446 86 13
1446 160 13
1446 1301 13
1417 109 13
1417 206 13
1417 898 13
1454 96 13
1454 297 13
1454 1733 13
1454 64 13
1454 145 13
1454 152 13
1454 1731 13
1454 192 13
1454 194 13
1454 1847 13
1454 1817 13
1454 97 13
1432 97 13
1432 97 13
1432 205 13
1432 131 13
1432 82 13
1432 130 13
1432 156 13
1432 211 13
1432 133 13
1432 78 13
1432 136 13
1432 99 13
1435 0 13
1435 159 13
1435 192 13
1464 48 13
1464 1750 13
1464 1299 13
1464 195 13
1464 1812 13
1464 1193 13
1464 144 13
1464 1816 13
1464 91 13
1464 119 13
1464 1780 13
1473 997 13
1473 1778 13
1473 1756 13
1473 238 13
1473 1832 13
1473 150 13
1473 219 13
1473 1812 13
1473 1816 13
1473 1838 13
1473 1780 13
1421 138 13
1421 95 13
1421 177 13
1421 1253 13
1421 198 13
1421 127 13
1421 164 13
1421 1120 13
1465 129 13
1465 1299 13
1465 153 13
1465 133 13
1465 446 13
1465 150 13
1465 1802 13
1465 1720 13
1863 1837 13
1863 160 13
1863 931 13
1863 259 13
1863 165 13
1863 149 13
1863 1843 13
1863 146 13
1863 163 13
1407 186 13
1407 165 13
1407 226 13
1407 141 13
1407 239 13
1438 165 13
1438 843 13
1438 1093 13
1438 119 13
1438 270 13
1411 1327 13
1411 430 13
1411 140 13
1411 1415 13
1411 63 13
1411 151 13
1411 1325 13
1411 417 13
1411 150 13
1481 156 13
1481 244 13
1481 105 13
1404 142 13
1404 151 13
1404 193 13
1404 300 13
1404 42 13
1404 216 13
1404 723 13
1404 236 13
1404 100 13
1404 130 13
1404 272 13
1404 165 13
1850 448 13
1850 1717 13
1850 1293 13
1850 102 13
1850 252 13
1850 272 13
1850 134 13
1436 1189 13
1436 152 13
1436 121 13
1436 602 13
1436 319 13
1436 88 13
1436 153 13
1436 90 13
1403 7 13
1403 110 13
1403 145 13
1403 140 13
1403 1325 13
1403 151 13
1403 300 13
1403 42 13
1403 92 13
1403 157 13
1403 690 13
1403 167 13
1403 225 13
1403 236 13
1403 680 13
1463 1319 13
1463 90 13
1463 1759 13
1463 195 13
1463 75 13
1463 1738 13
1463 1742 13
1463 1788 13
1463 234 13
1463 1735 13
1463 87 13
1463 1720 13
1463 1801 13
1463 86 13
1420 108 13
1420 863 13
1420 115 13
1420 202 13
1420 109 13
1420 222 13
1420 114 13
1424 108 13
1424 206 13
1467 444 13
1467 193 13
1467 153 13
1467 145 13
1467 1290 13
1467 191 13
1467 145 13
1467 930 13
1467 166 13
1470 126 13
1470 151 13
1470 996 13
1470 183 13
1470 292 13
1499 126 13
1484 919 13
1484 121 13
1484 582 13
1437 758 13
1437 640 13
1437 322 13
1437 1234 13
1437 357 13
1437 784 13
1858 1844 13
1858 116 13
1858 305 13
1858 156 13
1858 1805 13
1858 109 13
1858 841 13
1858 132 13
1858 1727 13
1851 227 13
1851 1728 13
1851 332 13
1851 194 13
1851 159 13
1851 173 13
1851 152 13
1864 196 13
1864 16 13
1864 1002 13
1864 205 13
1864 132 13
1864 1305 13
1864 179 13
1864 229 13
1864 266 13
1864 91 13
1864 287 13
1444 162 13
1444 74 13
1444 1868 13
1444 77 13
1444 205 13
1444 1492 13
1444 178 13
1444 187 13
1444 191 13
1444 128 13
1444 166 13
1472 113 13
1472 179 13
1472 104 13
1472 121 13
1472 1388 13
1472 156 13
1472 113 13
1472 523 13
1472 861 13
1472 304 13
1393 176 13
1393 88 13
1393 151 13
1393 110 13
1393 152 13
1393 150 13
1405 919 13
1405 128 13
1405 130 13
1405 216 13
1405 157 13
1405 236 13
1405 1727 13
1405 116 13
1405 257 13
1405 103 13
1405 1293 13
1405 317 13
1405 170 13
1442 93 13
1442 11 13
1442 190 13
1442 179 13
1442 224 13
1442 106 13
1442 128 13
1442 119 13
1442 114 13
1442 90 13
1442 205 13
1442 1797 13
1442 175 13
1878 1867 13
1878 178 13
1878 1444 13
1878 1824 13
1878 1492 13
1577 1751 13
1577 192 13
1577 111 13
1577 1818 13
1577 88 13
1577 229 13
1577 194 13
1577 1479 13
1550 1293 13
1550 1325 13
1550 121 13
1550 521 13
1550 1832 13
1550 1468 13
1550 1796 13
1550 1742 13
1550 103 13
1550 92 13
1550 1758 13
1550 1799 13
1550 232 13
1550 1466 13
1550 1743 13
1550 96 13
1550 147 13
1550 145 13
1550 345 13
1507 152 13
1507 150 13
1507 151 13
1507 88 13
1507 266 13
1507 110 13
1507 0 13
1507 270 13
1507 107 13
1507 1392 13
1507 176 13
1507 1393 13
1557 1325 13
1557 151 13
1557 1468 13
1557 1742 13
1557 103 13
1557 1758 13
1557 98 13
1512 1406 13
1512 140 13
1512 151 13
1512 317 13
1512 1403 13
1512 919 13
1889 97 13
1889 104 13
1889 110 13
1889 163 13
1889 105 13
1889 1485 13
1889 147 13
1889 471 13
1889 109 13
1540 85 13
1540 712 13
1540 247 13
1540 179 13
1540 1452 13
1540 112 13
1540 1130 13
1540 109 13
1540 85 13
1540 324 13
1551 112 13
1551 1757 13
1551 747 13
1551 364 13
1551 186 13
1551 691 13
1551 173 13
1587 382 13
1587 322 13
1587 996 13
1587 88 13
1587 155 13
1587 94 13
1587 1363 13
1587 1397 13
1566 1497 13
1600 168 13
1600 192 13
1600 199 13
1600 10 13
1600 109 13
1600 1398 13
1600 91 13
1600 1447 13
1600 841 13
1600 1843 13
1600 1770 13
1600 1306 13
1594 152 13
1594 150 13
1594 88 13
1594 1392 13
1594 176 13
1604 196 13
1604 1413 13
1604 127 13
1579 257 13
1579 88 13
1579 101 13
1579 217 13
1579 224 13
1579 0 13
1579 1396 13
1579 305 13
1579 113 13
1579 199 13
1579 1768 13
1579 215 13
1579 104 13
1579 1482 13
1579 176 13
1579 149 13
1579 1474 13
1530 175 13
1530 91 13
1502 495 13
1502 1330 13
1502 214 13
1502 886 13
1502 669 13
1502 784 13
1502 2 13
1502 178 13
1502 1383 13
1502 276 13
1588 237 13
1588 216 13
1588 1470 13
1588 123 13
1588 1408 13
1588 919 13
1588 7 13
1580 172 13
1580 272 13
1580 1501 13
1580 5 13
1586 216 13
1586 200 13
1586 186 13
1586 100 13
1586 272 13
1586 1501 13
1586 1413 13
1591 1421 13
1591 95 13
1591 1429 13
1591 198 13
1591 877 13
1591 1271 13
1591 127 13
1591 1311 13
1591 499 13
1591 1127 13
1591 164 13
1591 4 13
1591 230 13
1591 634 13
1547 233 13
1547 1442 13
1547 141 13
1547 93 13
1547 272 13
1547 179 13
1547 1720 13
1547 131 13
1547 300 13
1547 137 13
1547 138 13
1547 1747 13
1574 135 13
1574 217 13
1574 1564 13
1574 1767 13
1574 160 13
1574 1720 13
1574 133 13
1894 1148 13
1894 948 13
1894 875 13
1879 125 13
1879 192 13
1879 179 13
1524 98 13
1524 925 13
1524 144 13
1524 474 13
1524 1419 13
1524 77 13
1524 179 13
1524 38 13
1524 226 13
1524 252 13
1524 137 13
1882 111 13
1882 1478 13
1882 1414 13
1882 1760 13
1882 189 13
1536 111 13
1536 701 13
1536 1164 13
1536 217 13
1536 663 13
1536 152 13
1595 1472 13
1595 151 13
1595 156 13
1595 113 13
1595 1210 13
1595 139 13
1595 76 13
1595 1414 13
1877 16 13
1877 1100 13
1534 206 13
1537 201 13
1537 1070 13
1537 158 13
1537 1428 13
1537 1068 13
1537 51 13
1537 1111 13
1537 1213 13
1537 148 13
1537 138 13
1883 1733 13
1883 1451 13
1883 297 13
1883 192 13
1883 259 13
1883 194 13
1883 1486 13
1883 1487 13
1589 174 13
1589 1125 13
1589 118 13
1589 255 13
1589 214 13
1589 109 13
1558 188 13
1564 52 13
1564 1574 13
1564 132 13
1564 178 13
1564 1766 13
1564 205 13
1564 217 13
1564 128 13
1564 238 13
1564 27 13
1564 1306 13
1564 128 13
1564 137 13
1564 1280 13
1564 602 13
1564 1492 13
1564 168 13
1583 766 13
1583 45 13
1583 104 13
1583 266 13
1583 1298 13
1583 861 13
1583 132 13
1583 1497 13
1583 1102 13
1583 1295 13
1583 119 13
1583 582 13
1583 136 13
1583 9 13
1583 472 13
1583 1186 13
1583 639 13
1583 1193 13
1583 145 13
1518 1431 13
1518 1144 13
1518 1430 13
1518 214 13
1518 155 13
1518 906 13
1518 886 13
1518 792 13
1518 1383 13
1518 276 13
1518 164 13
1592 1867 13
1592 1726 13
1592 1442 13
1592 331 13
1592 144 13
1592 1790 13
1592 205 13
1592 1831 13
1592 128 13
1592 931 13
1592 145 13
1592 1463 13
1592 924 13
1597 192 13
1597 10 13
1597 164 13
1597 113 13
1597 159 13
1597 91 13
1597 144 13
1597 841 13
1504 1472 13
1504 167 13
1504 861 13
1504 1497 13
1504 1102 13
1504 92 13
1504 1295 13
1504 119 13
1504 9 13
1504 4 13
1504 163 13
1504 706 13
1522 318 13
1522 974 13
1522 858 13
1522 107 13
1522 255 13
1522 1458 13
1522 1317 13
1522 147 13
1522 860 13
1522 109 13
1525 135 13
1525 636 13
1525 156 13
1525 1224 13
1525 730 13
1525 1223 13
1541 1111 13
1541 102 13
1541 223 13
1541 1070 13
1503 151 13
1503 90 13
1503 132 13
1503 111 13
1503 139 13
1503 128 13
1503 306 13
1503 175 13
1503 1419 13
1503 1469 13
1503 77 13
1503 162 13
1503 179 13
1503 841 13
1503 1280 13
1876 1457 13
1876 218 13
1876 1414 13
1876 213 13
1876 153 13
1876 1752 13
1552 1751 13
1552 364 13
1552 583 13
1552 352 13
1552 315 13
1552 1756 13
1553 152 13
1553 249 13
1553 1755 13
1553 189 13
1553 199 13
1553 1868 13
1553 652 13
1553 1306 13
1553 1795 13
1553 163 13
1553 1491 13
1553 198 13
1553 168 13
1553 1492 13
1553 149 13
1553 245 13
1553 187 13
1553 1493 13
1556 45 13
1556 1454 13
1556 266 13
1556 142 13
1556 192 13
1556 861 13
1556 103 13
1556 97 13
1556 1295 13
1556 145 13
1556 136 13
1556 1183 13
1890 1077 13
1890 100 13
1890 255 13
1890 239 13
1890 80 13
1546 86 13
1546 174 13
1546 117 13
1546 122 13
1546 75 13
1546 107 13
1546 113 13
1546 210 13
1546 121 13
1582 237 13
1582 90 13
1582 1738 13
1582 1768 13
1582 1475 13
1582 1799 13
1582 234 13
1582 1370 13
1565 151 13
1565 1727 13
1565 444 13
1565 1476 13
1565 1791 13
1565 1464 13
1565 166 13
1565 172 13
1565 83 13
1565 1002 13
1565 191 13
1565 133 13
1881 1472 13
1881 156 13
1881 1755 13
1881 126 13
1881 107 13
1881 143 13
1881 165 13
1881 1414 13
1571 147 13
1571 1441 13
1571 1304 13
1571 126 13
1571 128 13
1571 159 13
1571 849 13
1571 161 13
1576 238 13
1576 1718 13
1576 1475 13
1576 317 13
1576 149 13
1576 105 13
1576 1816 13
1576 602 13
1511 1733 13
1511 147 13
1511 90 13
1511 168 13
1511 119 13
1511 192 13
1511 1398 13
1511 1102 13
1511 111 13
1511 128 13
1511 1012 13
1511 147 13
1511 229 13
1511 1447 13
1873 1820 13
1873 770 13
1873 1494 13
1873 91 13
1873 147 13
1873 1414 13
1873 213 13
1873 156 13
1880 132 13
1880 931 13
1880 168 13
1880 1450 13
1880 1002 13
1520 119 13
1520 916 13
1520 92 13
1520 250 13
1520 617 13
1520 183 13
1520 123 13
1517 284 13
1517 111 13
1517 270 13
1517 1464 13
1517 1812 13
1517 91 13
1517 1414 13
1517 94 13
1517 163 13
1517 221 13
1517 1397 13
1506 44 13
1506 210 13
1506 1186 13
1570 1804 13
1570 180 13
1570 197 13
1570 1803 13
1570 87 13
1570 133 13
1570 82 13
1570 924 13
1570 262 13
1570 1208 13
1570 192 13
1528 128 13
1528 225 13
1528 649 13
1528 197 13
1528 161 13
1528 190 13
1528 114 13
1528 184 13
1535 109 13
1535 1363 13
1535 181 13
1535 128 13
1532 1779 13
1532 766 13
1532 747 13
1532 148 13
1532 1395 13
1532 139 13
1527 301 13
1527 134 13
1527 254 13
1527 242 13
1527 123 13
1527 1426 13
1527 81 13
1575 1468 13
1575 1798 13
1575 220 13
1575 85 13
1575 165 13
1575 145 13
1575 1369 13
1871 1733 13
1871 1454 13
1871 192 13
1871 931 13
1871 194 13
1872 1832 13
1872 1803 13
1872 1849 13
1872 1466 13
1872 1866 13
1872 140 13
1872 191 13
1888 156 13
1888 147 13
1888 109 13
1585 1203 13
1585 261 13
1585 191 13
1585 1713 13
1573 336 13
1573 1143 13
1573 175 13
1573 147 13
1573 179 13
1573 109 13
1874 151 13
1874 1725 13
1874 185 13
1874 161 13
1874 300 13
1513 1784 13
1513 159 13
1513 1400 13
1513 192 13
1513 132 13
1513 139 13
1513 1398 13
1513 1818 13
1513 924 13
1513 1474 13
1513 229 13
1513 194 13
1513 1864 13
1513 1493 13
1891 1385 13
1891 318 13
1891 127 13
1891 483 13
1891 636 13
1891 1037 13
1891 92 13
1891 882 13
1891 1222 13
1891 1319 13
1887 209 13
1887 179 13
1887 111 13
1887 121 13
1887 91 13
1887 109 13
1887 202 13
1887 114 13
1887 1420 13
1887 213 13
1887 324 13
1561 198 13
1561 1867 13
1561 178 13
1561 205 13
1561 224 13
1561 931 13
1561 1469 13
1561 187 13
1516 106 13
1516 1111 13
1516 1470 13
1516 1427 13
1516 89 13
1559 1293 13
1559 1468 13
1559 1856 13
1559 1742 13
1559 103 13
1559 1768 13
1559 1456 13
1559 187 13
1559 252 13
1521 104 13
1521 168 13
1521 1428 13
1521 167 13
1521 1144 13
1521 155 13
1521 38 13
1521 165 13
1521 1363 13
1521 1391 13
1599 1453 13
1599 1372 13
1599 1371 13
1599 1481 13
1599 121 13
1599 1458 13
1599 147 13
1599 109 13
1572 1407 13
1572 239 13
1572 1090 13
1572 80 13
1533 1293 13
1533 444 13
1533 1476 13
1533 166 13
1533 1402 13
1533 1308 13
1533 153 13
1533 191 13
1533 252 13
1875 1735 13
1514 200 13
1514 1499 13
1514 130 13
1514 1801 13
1514 1456 13
1514 143 13
1514 1463 13
1514 145 13
1514 252 13
1523 83 13
1523 117 13
1523 122 13
1523 75 13
1523 1187 13
1523 1546 13
1523 210 13
1542 1505 13
1542 100 13
1542 100 13
1542 790 13
1542 1865 13
1542 165 13
1560 151 13
1560 1832 13
1560 178 13
1560 1780 13
1560 167 13
1560 119 13
1560 1813 13
1560 123 13
1560 1394 13
1560 352 13
1560 144 13
1560 133 13
1519 1499 13
1519 100 13
1519 145 13
1519 1280 13
1549 1867 13
1549 151 13
1549 1442 13
1549 90 13
1549 1847 13
1549 1824 13
1549 1831 13
1549 128 13
1549 180 13
1549 190 13
1549 1403 13
1549 179 13
1549 1720 13
1549 178 13
1549 1841 13
1549 300 13
1505 136 13
1505 150 13
1505 1312 13
1505 147 13
1505 100 13
1505 165 13
1505 94 13
1505 325 13
1505 1542 13
1510 1779 13
1510 1802 13
1510 195 13
1510 747 13
1510 186 13
1510 148 13
1510 173 13
1510 446 13
1510 1299 13
1567 86 13
1567 113 13
1567 210 13
1567 1756 13
1567 121 13
1567 155 13
1584 180 13
1584 189 13
1584 1392 13
1893 114 13
1893 108 13
1893 242 13
1596 88 13
1596 117 13
1596 211 13
1596 82 13
1596 865 13
1596 131 13
1596 131 13
1596 125 13
1568 123 13
1568 220 13
1568 1777 13
1568 364 13
1568 119 13
1568 239 13
1568 1434 13
1568 119 13
1568 93 13
1568 472 13
1568 312 13
1568 39 13
1568 602 13
1515 249 13
1515 136 13
1515 1170 13
1515 1493 13
1526 1232 13
1526 107 13
1526 131 13
1526 302 13
1526 1420 13
1526 202 13
1892 494 13
1892 150 13
1892 584 13
1892 165 13
1892 71 13
1593 188 13
1593 1829 13
1593 1847 13
1593 1831 13
1593 128 13
1593 1741 13
1593 1476 13
1593 1858 13
1593 145 13
1593 1868 13
1593 1837 13
1593 1774 13
1593 841 13
1593 191 13
1593 1490 13
1581 152 13
1581 266 13
1581 0 13
1581 1418 13
1581 158 13
1581 1100 13
1886 6 13
1886 90 13
1886 182 13
1886 92 13
1886 96 13
1886 86 13
1886 1414 13
1886 38 13
1531 1779 13
1531 766 13
1531 195 13
1531 127 13
1531 150 13
1531 119 13
1531 1184 13
1531 317 13
1531 446 13
1531 919 13
1531 1756 13
1531 127 13
1531 1299 13
1554 1444 13
1554 1806 13
1554 1404 13
1554 1206 13
1554 141 13
1554 1868 13
1554 1419 13
1554 1774 13
1554 179 13
1554 137 13
1554 153 13
1554 187 13
1554 1844 13
1554 1870 13
1554 137 13
1602 195 13
1602 151 13
1602 1764 13
1602 126 13
1602 1470 13
1602 127 13
1602 91 13
1602 1414 13
1569 163 13
1569 200 13
1569 159 13
1569 199 13
1569 141 13
1569 200 13
1569 181 13
1569 1799 13
1569 210 13
1569 187 13
1538 99 13
1538 256 13
1538 82 13
1538 330 13
1538 582 13
1538 131 13
1538 1834 13
1538 144 13
1538 1714 13
1509 151 13
1509 225 13
1509 895 13
1509 790 13
1598 198 13
1598 237 13
1598 1101 13
1598 160 13
1598 91 13
1529 200 13
1529 92 13
1529 1280 13
1529 220 13
1529 317 13
1529 145 13
1529 38 13
1529 187 13
1529 137 13
1601 135 13
1601 192 13
1601 113 13
1601 115 13
1603 144 13
1603 147 13
1603 205 13
1603 1476 13
1603 222 13
1603 162 13
1603 166 13
1603 158 13
1603 1308 13
1603 147 13
1603 115 13
1603 1134 13
1603 138 13
1603 191 13
1603 1492 13
1563 1817 13
1563 125 13
1563 1442 13
1563 331 13
1563 1766 13
1563 1444 13
1563 141 13
1563 217 13
1563 1831 13
1563 1283 13
1563 238 13
1563 1837 13
1563 1718 13
1563 1475 13
1563 77 13
1563 88 13
1563 1795 13
1563 1759 13
1563 1720 13
1563 1762 13
1563 1747 13
1563 1786 13
1590 104 13
1590 208 13
1590 1428 13
1590 119 13
1590 181 13
1590 30 13
1508 581 13
1508 140 13
1508 151 13
1508 110 13
1508 1394 13
1508 145 13
1508 143 13
1508 632 13
1508 919 13
1508 7 13
1508 1512 13
1508 252 13
1543 322 13
1543 537 13
1543 73 13
1543 211 13
1543 330 13
1543 1234 13
1543 118 13
1543 1437 13
1543 302 13
1543 640 13
1543 784 13
1543 129 13
1543 106 13
1578 152 13
1578 88 13
1578 1766 13
1578 101 13
1578 199 13
1578 1283 13
1578 179 13
1578 1720 13
1578 131 13
1578 137 13
1578 1100 13
1578 138 13
1578 602 13
1544 1409 13
1544 1325 13
1544 108 13
1544 87 13
1544 206 13
1544 1424 13
1544 140 13
1544 1393 13
1544 307 13
1562 1749 13
1562 1733 13
1562 148 13
1562 151 13
1562 249 13
1562 109 13
1562 16 13
1562 1306 13
1562 229 13
1562 1479 13
1562 1493 13
1545 140 13
1545 151 13
1545 1388 13
1545 1415 13
1545 206 13
1545 1271 13
1545 886 13
1545 265 13
1545 1411 13
1545 786 13
1545 114 13
1545 129 13
1539 1330 13
1539 209 13
1539 1425 13
1539 1372 13
1539 223 13
1884 1780 13
1555 1468 13
1555 942 13
1555 1748 13
1555 1755 13
1555 224 13
1555 1828 13
1555 1758 13
1555 1801 13
1555 239 13
1555 1463 13
1555 443 13
1675 390 14
1675 147 14
1675 208 14
1675 790 14
1675 1511 14
1675 1222 14
1675 895 14
1675 136 14
1907 1458 14
1907 1301 14
1907 157 14
1907 170 14
1907 1456 14
1907 128 14
1608 88 14
1608 1507 14
1608 192 14
1608 1818 14
1608 194 14
1608 1509 14
1608 229 14
1608 149 14
1608 1489 14
1608 257 14
1608 1577 14
1608 139 14
1608 147 14
1608 77 14
1678 1522 14
1678 147 14
1678 1888 14
1678 104 14
1678 1599 14
1678 109 14
1678 1453 14
1678 1881 14
1678 214 14
1678 1458 14
1678 110 14
1898 1515 14
1898 1493 14
1898 249 14
1898 120 14
1898 305 14
1898 1444 14
1898 1283 14
1898 187 14
1898 1491 14
1898 1492 14
1898 151 14
1898 1401 14
1629 113 14
1615 1470 14
1615 118 14
1615 1565 14
1615 1476 14
1615 191 14
1615 996 14
1615 166 14
1615 444 14
1645 269 14
1645 213 14
1896 602 14
1896 1766 14
1896 238 14
1896 1720 14
1896 1813 14
1896 152 14
1896 1833 14
1896 1444 14
1896 118 14
1896 178 14
1896 128 14
1896 1568 14
1896 1829 14
1896 1819 14
1650 1522 14
1650 147 14
1650 113 14
1650 1453 14
1650 284 14
1650 132 14
1650 91 14
1650 1458 14
1654 1457 14
1654 1556 14
1654 136 14
1654 1565 14
1654 1476 14
1654 191 14
1654 166 14
1654 1094 14
1654 151 14
1631 1400 14
1631 140 14
1631 1674 14
1631 131 14
1698 141 14
1698 1573 14
1698 916 14
1698 654 14
1698 563 14
1698 90 14
1701 654 14
1701 1496 14
1701 78 14
1701 563 14
1701 116 14
1701 1143 14
1701 84 14
1902 1512 14
1902 119 14
1902 766 14
1902 1756 14
1902 150 14
1902 1781 14
1902 446 14
1902 126 14
1902 116 14
1902 195 14
1902 1299 14
1902 2 14
1686 86 14
1686 113 14
1686 199 14
1686 156 14
1686 1186 14
1686 174 14
1686 126 14
1686 117 14
1686 1306 14
1663 1792 14
1663 1794 14
1663 191 14
1663 166 14
1663 1308 14
1663 924 14
1663 1467 14
1663 1722 14
1663 151 14
1663 1861 14
1663 1565 14
1663 1840 14
1676 1601 14
1676 1353 14
1676 117 14
1676 113 14
1676 86 14
1676 0 14
1676 266 14
1676 101 14
1676 204 14
1676 198 14
1689 129 14
1689 326 14
1689 152 14
1689 112 14
1689 131 14
1689 64 14
1689 1539 14
1689 82 14
1689 85 14
1689 1420 14
1689 76 14
1679 1470 14
1679 146 14
1679 119 14
1679 277 14
1679 1259 14
1679 130 14
1679 86 14
1679 102 14
1679 1418 14
1679 1414 14
1679 193 14
1679 1319 14
1679 201 14
1679 1213 14
1679 77 14
1671 1601 14
1671 1553 14
1671 1579 14
1671 98 14
1671 101 14
1671 1491 14
1671 205 14
1671 393 14
1671 1354 14
1671 305 14
1671 1444 14
1659 125 14
1659 1516 14
1659 137 14
1900 153 14
1900 191 14
1900 179 14
1900 1565 14
1900 1476 14
1648 1404 14
1648 1512 14
1648 1403 14
1648 1508 14
1648 7 14
1648 175 14
1648 307 14
1648 151 14
1618 1834 14
1618 9 14
1618 1854 14
1618 1779 14
1618 150 14
1618 446 14
1618 305 14
1618 266 14
1618 195 14
1618 1777 14
1618 1299 14
1618 2 14
1639 1595 14
1639 113 14
1639 1885 14
1639 523 14
1639 111 14
1639 1820 14
1639 218 14
1639 1414 14
1639 156 14
1639 76 14
1639 1782 14
1639 139 14
1639 213 14
1639 77 14
1628 1404 14
1628 1501 14
1628 90 14
1637 1838 14
1637 1482 14
1637 1503 14
1637 218 14
1637 1780 14
1637 179 14
1637 1469 14
1637 139 14
1637 1816 14
1637 1464 14
1691 1508 14
1691 140 14
1691 1512 14
1691 1396 14
1691 919 14
1691 252 14
1691 151 14
1703 1524 14
1703 179 14
1703 1761 14
1703 1419 14
1703 623 14
1703 252 14
1703 150 14
1703 77 14
1690 523 14
1690 1431 14
1690 352 14
1903 103 14
1903 1557 14
1903 1742 14
1903 98 14
1903 1325 14
1903 90 14
1903 151 14
1605 1450 14
1605 86 14
1605 1880 14
1605 1851 14
1605 1852 14
1605 158 14
1605 227 14
1665 134 14
1665 242 14
1665 1527 14
1665 301 14
1665 81 14
1665 254 14
1665 1425 14
1665 123 14
1674 1566 14
1674 1604 14
1674 1497 14
1674 127 14
1655 1442 14
1655 1824 14
1655 186 14
1655 1546 14
1655 173 14
1655 1496 14
1655 1574 14
1655 1763 14
1655 178 14
1655 1564 14
1655 1867 14
1655 128 14
1655 168 14
1655 104 14
1614 1827 14
1614 1792 14
1614 1803 14
1614 161 14
1614 1872 14
1614 1723 14
1614 1813 14
1614 1832 14
1687 1418 14
1687 165 14
1687 370 14
1687 81 14
1687 1236 14
1687 514 14
1687 150 14
1697 1146 14
1697 1325 14
1697 1456 14
1697 103 14
1697 1438 14
1697 312 14
1697 75 14
1669 1783 14
1669 1560 14
1669 1838 14
1669 173 14
1669 1551 14
1669 1558 14
1669 1778 14
1669 98 14
1669 1473 14
1669 1876 14
1669 1816 14
1669 1812 14
1666 146 14
1666 1125 14
1666 173 14
1666 1590 14
1666 155 14
1666 109 14
1666 1258 14
1611 39 14
1611 156 14
1611 1560 14
1611 154 14
1611 1463 14
1611 1813 14
1611 226 14
1611 1555 14
1611 1780 14
1611 225 14
1611 157 14
1611 178 14
1611 133 14
1611 1832 14
1632 1768 14
1632 1582 14
1632 1759 14
1632 1811 14
1632 103 14
1632 1466 14
1632 1742 14
1632 90 14
1632 300 14
1632 1788 14
1664 160 14
1664 1244 14
1664 1537 14
1672 144 14
1672 186 14
1672 116 14
1672 1469 14
1672 91 14
1672 1552 14
1905 841 14
1905 1601 14
1905 931 14
1905 1795 14
1905 95 14
1905 1847 14
1905 1002 14
1905 187 14
1905 252 14
1905 205 14
1653 270 14
1653 103 14
1653 1707 14
1653 200 14
1653 85 14
1653 220 14
1653 145 14
1653 1833 14
1642 1392 14
1642 179 14
1642 221 14
1642 1396 14
1642 1821 14
1642 76 14
1642 1503 14
1657 115 14
1657 1598 14
1657 456 14
1657 77 14
1616 217 14
1616 154 14
1616 452 14
1626 1392 14
1626 1507 14
1626 108 14
1626 1009 14
1626 152 14
1626 393 14
1626 199 14
1626 526 14
1626 193 14
1626 88 14
1626 1393 14
1626 171 14
1626 110 14
1626 151 14
1626 150 14
1626 152 14
1682 1435 14
1682 157 14
1617 1512 14
1617 86 14
1617 851 14
1617 919 14
1617 1325 14
1617 1456 14
1617 1758 14
1617 1015 14
1617 103 14
1617 1557 14
1617 521 14
1617 312 14
1617 133 14
1617 75 14
1620 1392 14
1620 151 14
1620 1402 14
1620 133 14
1620 90 14
1620 1565 14
1620 1570 14
1620 82 14
1696 87 14
1696 616 14
1696 165 14
1696 93 14
1696 1258 14
1696 514 14
1696 1520 14
1696 133 14
1696 123 14
1680 132 14
1680 317 14
1680 220 14
1680 145 14
1680 1791 14
1680 195 14
1680 178 14
1680 161 14
1680 1833 14
1685 1434 14
1685 1463 14
1685 1499 14
1685 393 14
1685 252 14
1685 1514 14
1685 1801 14
1685 1293 14
1685 90 14
1685 1519 14
1695 1534 14
1904 113 14
1904 119 14
1904 523 14
1904 166 14
1904 218 14
1904 1414 14
1904 143 14
1904 213 14
1656 1734 14
1656 919 14
1656 145 14
1656 1456 14
1656 95 14
1656 107 14
1656 1418 14
1656 1836 14
1660 78 14
1660 166 14
1660 1070 14
1660 124 14
1660 105 14
1660 1537 14
1660 148 14
1660 1341 14
1699 1073 14
1699 1466 14
1699 1725 14
1699 122 14
1699 200 14
1610 1192 14
1610 178 14
1610 1186 14
1610 26 14
1610 1467 14
1610 205 14
1610 120 14
1610 1868 14
1621 270 14
1621 1738 14
1621 119 14
1621 1463 14
1621 1467 14
1621 252 14
1621 179 14
1621 91 14
1621 221 14
1621 1734 14
1621 1559 14
1621 1397 14
1621 144 14
1621 1293 14
1621 618 14
1621 195 14
1621 91 14
1683 654 14
1683 1496 14
1683 1548 14
1683 1498 14
1683 199 14
1704 0 14
1704 88 14
1704 1393 14
1704 1447 14
1704 1816 14
1607 127 14
1607 1421 14
1607 198 14
1607 255 14
1607 164 14
1607 177 14
1667 161 14
1667 179 14
1667 925 14
1667 195 14
1667 75 14
1667 252 14
1667 92 14
1670 147 14
1670 119 14
1670 766 14
1670 203 14
1670 45 14
1670 1485 14
1670 1888 14
1670 861 14
1670 88 14
1670 9 14
1670 1538 14
1670 1599 14
1670 150 14
1670 1414 14
1609 113 14
1609 266 14
1609 1206 14
1609 1554 14
1627 161 14
1627 7 14
1627 1805 14
1627 767 14
1627 1396 14
1627 1293 14
1627 191 14
1627 1191 14
1627 1325 14
1627 1483 14
1627 151 14
1627 1403 14
1619 941 14
1619 1512 14
1619 345 14
1619 1396 14
1619 1463 14
1619 1 14
1619 86 14
1619 722 14
1619 1567 14
1619 1157 14
1619 312 14
1619 140 14
1619 1464 14
1651 1404 14
1651 613 14
1651 141 14
1651 1648 14
1651 200 14
1651 42 14
1651 163 14
1651 919 14
1651 926 14
1651 1497 14
1651 1413 14
1651 1403 14
1651 1569 14
1651 7 14
1651 157 14
1651 216 14
1651 110 14
1651 151 14
1651 300 14
1652 145 14
1652 1456 14
1652 1467 14
1652 1577 14
1662 1801 14
1662 115 14
1702 87 14
1702 130 14
1702 29 14
1702 252 14
1702 123 14
1702 1378 14
1702 190 14
1702 90 14
1702 1520 14
1702 250 14
1702 92 14
1702 183 14
1606 1569 14
1606 192 14
1606 1860 14
1606 1818 14
1606 1479 14
1606 194 14
1606 1790 14
1895 132 14
1895 128 14
1895 129 14
1895 151 14
1908 1766 14
1908 364 14
1908 192 14
1908 1456 14
1908 103 14
1908 1557 14
1908 1574 14
1908 160 14
1908 1475 14
1908 1742 14
1908 90 14
1677 1522 14
1677 147 14
1677 841 14
1677 1573 14
1677 109 14
1677 107 14
1677 169 14
1677 1420 14
1677 134 14
1673 1404 14
1673 1512 14
1673 317 14
1673 1813 14
1673 252 14
1673 1394 14
1673 236 14
1673 1511 14
1673 157 14
1673 216 14
1673 151 14
1673 1403 14
1673 1832 14
1906 150 14
1906 1787 14
1906 166 14
1906 103 14
1693 1893 14
1693 139 14
1693 1591 14
1624 147 14
1624 156 14
1624 1750 14
1624 1551 14
1624 1755 14
1624 149 14
1624 213 14
1694 106 14
1694 244 14
1694 501 14
1694 109 14
1694 166 14
1694 1163 14
1700 1404 14
1700 87 14
1700 100 14
1700 106 14
1700 114 14
1700 865 14
1700 1528 14
1700 1388 14
1700 1501 14
1700 307 14
1622 1468 14
1622 1559 14
1622 1776 14
1622 1582 14
1622 1325 14
1622 185 14
1622 1758 14
1622 459 14
1622 1557 14
1622 1550 14
1622 1742 14
1622 312 14
1684 113 14
1684 142 14
1684 116 14
1684 93 14
1684 1567 14
1684 1555 14
1684 1755 14
1684 88 14
1684 198 14
1625 161 14
1625 119 14
1625 1832 14
1625 1463 14
1625 1813 14
1625 252 14
1625 1728 14
1625 1757 14
1625 1780 14
1625 1866 14
1625 1510 14
1625 1552 14
1625 1414 14
1625 119 14
1625 1785 14
1625 122 14
1625 1568 14
1625 195 14
1625 90 14
1625 1777 14
1625 92 14
1649 1392 14
1649 287 14
1649 1471 14
1649 1418 14
1649 145 14
1649 1407 14
1649 165 14
1649 1003 14
1649 1575 14
1649 150 14
1612 142 14
1612 931 14
1612 1831 14
1612 1766 14
1612 1512 14
1612 94 14
1612 919 14
1612 149 14
1612 1491 14
1668 997 14
1668 1780 14
1668 238 14
1668 1473 14
1668 1816 14
1668 151 14
1899 1824 14
1899 1795 14
1899 1553 14
1899 1444 14
1899 1594 14
1899 1567 14
1899 168 14
1899 1831 14
1899 162 14
1899 1574 14
1899 178 14
1899 95 14
1899 128 14
1899 187 14
1899 1491 14
1899 1308 14
1899 1492 14
1899 1593 14
1899 205 14
1899 1306 14
1899 77 14
1899 1285 14
1640 137 14
1640 138 14
1640 1766 14
1640 602 14
1640 120 14
1640 1831 14
1640 145 14
1640 160 14
1640 187 14
1640 122 14
1640 131 14
1640 1829 14
1640 1492 14
1640 1593 14
1640 205 14
1901 1493 14
1901 1870 14
1901 193 14
1901 249 14
1901 95 14
1901 187 14
1901 924 14
1901 149 14
1641 86 14
1641 266 14
1641 764 14
1641 150 14
1641 199 14
1641 127 14
1634 111 14
1634 1414 14
1634 1571 14
1634 47 14
1634 1469 14
1634 117 14
1634 1581 14
1634 934 14
1635 1556 14
1635 1883 14
1635 1487 14
1635 192 14
1635 194 14
1635 1562 14
1635 1513 14
1635 1877 14
1635 147 14
1635 97 14
1635 1600 14
1635 1454 14
1897 1515 14
1897 78 14
1897 137 14
1897 124 14
1897 1878 14
1897 130 14
1897 1554 14
1647 100 14
1647 767 14
1692 1271 14
1692 60 14
1692 151 14
1692 170 14
1692 1244 14
1692 840 14
1692 123 14
1692 111 14
1692 1540 14
1692 1269 14
1692 796 14
1692 85 14
1692 33 14
1643 119 14
1643 1499 14
1643 1740 14
1643 1407 14
1643 165 14
1643 140 14
1643 1775 14
1613 671 14
1613 92 14
1613 1391 14
1613 38 14
1613 381 14
1613 182 14
1613 907 14
1613 811 14
1613 1311 14
1613 104 14
1613 335 14
1613 634 14
1658 270 14
1658 233 14
1658 129 14
1658 133 14
1658 198 14
1658 103 14
1658 180 14
1661 181 14
1661 208 14
1661 1428 14
1661 119 14
1661 1590 14
1661 155 14
1661 168 14
1623 1409 14
1623 1312 14
1623 305 14
1646 106 14
1646 118 14
1646 1543 14
1646 330 14
1646 1587 14
1646 1589 14
1646 1535 14
1630 1749 14
1630 199 14
1630 163 14
1681 0 14
1681 168 14
1681 1447 14
1681 131 14
1681 1306 14
1688 278 14
1688 280 14
1688 164 14
1688 1431 14
1688 94 14
1644 292 14
1644 127 14
1644 87 14
1644 74 14
1644 1388 14
1644 1886 14
1644 273 14
1633 1555 14
1633 1872 14
1633 190 14
1633 1293 14
1633 443 14
1633 90 14
1633 86 14
1638 191 14
1638 166 14
1638 1499 14
1638 1575 14
1638 185 14
1638 1476 14
1636 1392 14
1636 1396 14
1636 1307 14
1636 1286 14
1636 305 14
1636 145 14
1636 1194 14
1636 171 14
1636 193 14
1636 176 14
1636 167 14
1636 1533 14
1636 88 14
1636 1402 14
1636 158 14
1636 133 14
1636 352 14
1636 151 14
1636 152 14
